,hsa338442,hsa1812,hsa1813,hsa5739,hsa9052,hsa148,hsa153,hsa154,hsa64805,hsa1814,hsa4986,hsa1128,hsa1129,hsa1131,hsa1132,hsa1133,hsa150,hsa151,hsa3577,hsa5731,hsa5732,hsa134,hsa135,hsa140,hsa11255,hsa3269,hsa59340,hsa2550,hsa146,hsa147,hsa155,hsa1816,hsa3356,hsa3360,hsa152,hsa1815,hsa3350,hsa3351,hsa3352,hsa3354,hsa3355,hsa3357,hsa3358,hsa3361,hsa3362,hsa3363,hsa3274,hsa4988,hsa1268,hsa6915,hsa5737,hsa136,hsa185,hsa10800,hsa1241,hsa56413,hsa57105,hsa5733,hsa6751,hsa6752,hsa8843,hsa10161,hsa2846,hsa5028,hsa5029,hsa5030,hsa5031,hsa5032,hsa9934,hsa4985,hsa2911,hsa2912,hsa2913,hsa2914,hsa2915,hsa2916,hsa2917,hsa2918,hsa222545,hsa1909,hsa1910,hsa552,hsa554,hsa9283,hsa5724,hsa23620,hsa7201,hsa6753,hsa6755,hsa4543,hsa1234,hsa886,hsa887,hsa5729,hsa6010
hsa338442,1,0.4252163164400494,0.42555831265508687,0.38584779706275035,0.43194444444444446,0.41133896260554886,0.37857142857142856,0.43170103092783507,0.4397163120567376,0.41153342070773263,0.4347240915208614,0.3863912515188335,0.39324487334137515,0.3756558237145855,0.3978622327790974,0.37988826815642457,0.39492753623188404,0.3997539975399754,0.44600280504908835,0.3437908496732026,0.4077669902912621,0.4223512336719884,0.42193548387096774,0.43171806167400884,0.3948019801980198,0.4152941176470588,0.43824701195219123,0.27416918429003023,0.34866310160427805,0.3895809739524349,0.3631647211413748,0.4095238095238095,0.40167865707434053,0.44607190412782954,0.3696969696969697,0.3554987212276215,0.42547770700636944,0.4209827357237716,0.42027027027027025,0.43131868131868134,0.4252400548696845,0.40639810426540285,0.4190012180267966,0.42916666666666664,0.3823163138231631,0.4168646080760095,0.4355263157894737,0.43119266055045874,0.41916167664670656,0.3937677053824363,0.4404432132963989,0.4115107913669065,0.4404432132963989,0.43,0.386013986013986,0.3592233009708738,0.44569816643159377,0.41832669322709165,0.41909814323607425,0.4371584699453552,0.476,0.4229137199434229,0.4392905866302865,0.4361413043478261,0.39594594594594595,0.40796703296703296,0.3907380607814761,0.3948439620081411,0.41797432239657634,0.4204081632653061,0.23314065510597304,0.2931174089068826,0.2922705314009662,0.2847058823529412,0.23047619047619047,0.29274193548387095,0.284037558685446,0.28560188827694727,0.2816136539953452,0.4417721518987342,0.422360248447205,0.41613316261203587,0.40054495912806537,0.3803317535545024,0.4425531914893617,0.38421733505821476,0.4191852825229961,0.38156209987195905,0.4030261348005502,0.42917251051893407,0.44475524475524475,0.42351453855878635,0.37037037037037035,0.4224376731301939,0.4050632911392405
hsa1812,0.4252163164400494,1,0.4454443194600675,0.390625,0.42341220423412207,0.44627192982456143,0.40411700975081255,0.440046565774156,0.41878172588832485,0.42907801418439717,0.43946731234866826,0.41721854304635764,0.4407894736842105,0.4266409266409266,0.4335135135135135,0.4294478527607362,0.42151481888035125,0.4140625,0.4082914572864322,0.3561320754716981,0.40422885572139305,0.4183937823834197,0.4289044289044289,0.39267015706806285,0.4175084175084175,0.4340836012861736,0.4354066985645933,0.3169864960909737,0.3929273084479371,0.4409937888198758,0.37822014051522246,0.4496208017334778,0.44601962922573607,0.4448441247002398,0.3975770925110132,0.3630057803468208,0.44930875576036866,0.4533492822966507,0.44106925880923453,0.42663378545006164,0.43842364532019706,0.447680690399137,0.43473451327433627,0.43462017434620176,0.3939051918735892,0.4464864864864865,0.4460260972716489,0.4444444444444444,0.4531590413943355,0.38276299112801015,0.4248447204968944,0.4138817480719794,0.42111801242236024,0.4074074074074074,0.38721804511278196,0.35572139303482586,0.4166666666666667,0.42105263157894735,0.4241338112305854,0.4404907975460123,0.44057623049219685,0.4189873417721519,0.4325980392156863,0.4346764346764347,0.40704738760631837,0.406905055487053,0.39276485788113696,0.38902439024390245,0.4145408163265306,0.42665036674816625,0.27195121951219514,0.33839150227617604,0.3366037735849057,0.3284241531664212,0.2689987937273824,0.3371126228269085,0.32770022042615726,0.3293943870014771,0.3250728862973761,0.44215349369988544,0.44256756756756754,0.4479166666666667,0.4039167686658507,0.4228694714131607,0.4200507614213198,0.40654205607476634,0.4395734597156398,0.4050925925925926,0.40370370370370373,0.4158291457286432,0.41478696741854637,0.4462242562929062,0.4008958566629339,0.40248447204968946,0.4068010075566751
hsa1813,0.42555831265508687,0.4454443194600675,1,0.38118214716525933,0.415,0.44114411441144114,0.3978260869565217,0.4380841121495327,0.4178343949044586,0.43534994068801897,0.44471445929526127,0.4263565891472868,0.4444444444444444,0.41529525653436594,0.44685466377440347,0.4358974358974359,0.4118942731277533,0.40985442329227323,0.4123581336696091,0.34911242603550297,0.4069912609238452,0.42002600780234073,0.42105263157894735,0.4099868593955322,0.4099099099099099,0.44408602150537635,0.4225690276110444,0.31552706552706555,0.3733990147783251,0.4226375908618899,0.3772032902467685,0.4315217391304348,0.43544857768052514,0.4404332129963899,0.3878453038674033,0.3654292343387471,0.446242774566474,0.45138055222088835,0.4268292682926829,0.43935643564356436,0.4437577255871446,0.44155844155844154,0.4528301886792453,0.43,0.3884484711211778,0.4566160520607375,0.4452380952380952,0.45195729537366547,0.4491803278688525,0.38040712468193383,0.4226932668329177,0.4038709677419355,0.4251870324189526,0.41794871794871796,0.379874213836478,0.352059925093633,0.4207858048162231,0.4177671068427371,0.4316546762589928,0.4396551724137931,0.43253012048192774,0.4167725540025413,0.42435424354243545,0.4338235294117647,0.41341463414634144,0.41707920792079206,0.3865110246433204,0.3929008567931457,0.40973111395646605,0.42208588957055215,0.2706169822846671,0.33460076045627374,0.3350983358547655,0.32693726937269374,0.2676737160120846,0.3340909090909091,0.32621502209131076,0.32790525536639525,0.32359386413440466,0.4436781609195402,0.4440677966101695,0.4332171893147503,0.40540540540540543,0.41233766233766234,0.4191082802547771,0.4196951934349355,0.44946492271105826,0.41114982578397213,0.39776951672862454,0.4287515762925599,0.4125786163522013,0.4431687715269805,0.4,0.4077306733167082,0.4020227560050569
hsa5739,0.38584779706275035,0.390625,0.38118214716525933,1,0.40242261103633914,0.4072769953051643,0.4275782155272306,0.38423028785982477,0.3557692307692308,0.41603053435114506,0.38511749347258484,0.4148936170212766,0.3626760563380282,0.3729508196721312,0.4,0.3867102396514161,0.4018801410105758,0.4270334928229665,0.39945652173913043,0.4302030456852792,0.43010752688172044,0.38342696629213485,0.4348370927318296,0.3664772727272727,0.4416365824308063,0.38946162657502864,0.38144329896907214,0.2865627319970304,0.3924843423799583,0.40176600441501104,0.4282115869017632,0.4044032444959444,0.3757292882147025,0.4018087855297158,0.41509433962264153,0.4322981366459627,0.41955445544554454,0.3943298969072165,0.3853211009174312,0.374167776298269,0.3696808510638298,0.3806228373702422,0.38388625592417064,0.4037685060565276,0.44552058111380144,0.4115606936416185,0.40357598978288634,0.38676844783715014,0.3881118881118881,0.4430727023319616,0.3946308724832215,0.4025069637883008,0.36644295302013424,0.355463347164592,0.4444444444444444,0.43548387096774194,0.383879781420765,0.4213917525773196,0.41312741312741313,0.37350993377483444,0.38809831824062097,0.34794520547945207,0.36772486772486773,0.38998682476943347,0.41939711664482304,0.42876165113182424,0.41876750700280113,0.45263157894736844,0.35911602209944754,0.42744063324538256,0.24430379746835443,0.3068362480127186,0.30513833992094863,0.29738058551617874,0.24155193992490614,0.3056215360253365,0.29669485011529595,0.2982998454404946,0.2942073170731707,0.3849938499384994,0.4178743961352657,0.4079601990049751,0.45046235138705415,0.41637831603229525,0.36538461538461536,0.4271356783919598,0.3737244897959184,0.4129353233830846,0.43466666666666665,0.37771739130434784,0.37533875338753386,0.40786240786240785,0.4309723889555822,0.4348993288590604,0.3692098092643052
hsa9052,0.43194444444444446,0.42341220423412207,0.415,0.40242261103633914,1,0.4240583232077764,0.3980815347721823,0.44025974025974024,0.43061516452074394,0.4385733157199472,0.42740841248303935,0.4149326805385557,0.402187120291616,0.37697993664202745,0.4019138755980861,0.3892013498312711,0.40875912408759124,0.41263940520446096,0.44695898161244696,0.35177865612648224,0.43216783216783217,0.42752562225475843,0.4213263979193758,0.4237037037037037,0.42019950124688277,0.4206161137440758,0.43373493975903615,0.2708649468892261,0.37351991388589884,0.4013683010262258,0.3803921568627451,0.407673860911271,0.4166666666666667,0.44966442953020136,0.3882783882783883,0.3711340206185567,0.43902439024390244,0.43775100401606426,0.4196185286103542,0.43213296398891965,0.4315352697095436,0.4224343675417661,0.4134969325153374,0.45098039215686275,0.4002509410288582,0.4222488038277512,0.4363395225464191,0.4187582562747688,0.42460796139927626,0.42,0.4301675977653631,0.4339622641509434,0.4329608938547486,0.4164265129682997,0.4076163610719323,0.38181818181818183,0.43812233285917496,0.4350736278447122,0.42780748663101603,0.43526170798898073,0.4381720430107527,0.4051355206847361,0.4236588720770289,0.44794520547945205,0.42370572207084467,0.4293628808864266,0.41021897810218977,0.4103967168262654,0.41294964028776976,0.4252400548696845,0.23017408123791103,0.290480065093572,0.28883495145631066,0.28132387706855794,0.22753346080305928,0.2893030794165316,0.2806603773584906,0.28221343873517785,0.2782540919719408,0.44005102040816324,0.4330413016270338,0.42451612903225805,0.4107142857142857,0.40930787589498807,0.43061516452074394,0.41460234680573665,0.4251655629139073,0.40516129032258064,0.4174757281553398,0.4214992927864215,0.43723554301833567,0.43821656050955415,0.39925373134328357,0.4329608938547486,0.42836879432624114
hsa148,0.41133896260554886,0.44627192982456143,0.44114411441144114,0.4072769953051643,0.4240583232077764,1,0.41039236479321317,0.44254835039817975,0.400990099009901,0.44226327944572746,0.4302600472813239,0.42548596112311016,0.4313304721030043,0.41950757575757575,0.42857142857142855,0.4258517034068136,0.4221267454350161,0.4268558951965066,0.4068627450980392,0.3640552995391705,0.41019417475728154,0.4053030303030303,0.4396355353075171,0.39285714285714285,0.43029637760702527,0.44491080797481636,0.433411214953271,0.3258584442887176,0.40655105973025046,0.43711967545638947,0.38215102974828374,0.43902439024390244,0.439701173959445,0.4379391100702576,0.40948275862068967,0.37966101694915255,0.44481981981981983,0.4310747663551402,0.41874258600237246,0.4175691937424789,0.43028846153846156,0.4371700105596621,0.44047619047619047,0.42770352369380316,0.40066225165562913,0.4560846560846561,0.43453070683661643,0.42032332563510394,0.44989339019189767,0.39555006180469715,0.4266666666666667,0.40225563909774437,0.4121212121212121,0.40846824408468246,0.3899755501222494,0.3616504854368932,0.41379310344827586,0.4217289719626168,0.4340723453908985,0.42035928143712575,0.42555685814771393,0.39382716049382716,0.4043062200956938,0.42193087008343266,0.40213523131672596,0.4151624548736462,0.3891687657430731,0.4011904761904762,0.41044776119402987,0.41408114558472553,0.28072289156626506,0.34678624813153963,0.3464684014869889,0.3381712626995646,0.27771156138259834,0.3469843633655994,0.33743664011585806,0.33915574963609896,0.33477011494252873,0.43784994400895855,0.45154185022026433,0.4343891402714932,0.4038231780167264,0.440337909186906,0.41336633663366334,0.4246575342465753,0.4270833333333333,0.41968325791855204,0.41325301204819276,0.4117647058823529,0.4132029339853301,0.44742729306487694,0.42278203723986857,0.4084848484848485,0.3968058968058968
hsa153,0.37857142857142856,0.40411700975081255,0.3978260869565217,0.4275782155272306,0.3980815347721823,0.41039236479321317,1,0.3898876404494382,0.34676434676434675,0.40820980615735464,0.3990665110851809,0.4215581643543223,0.37857900318133614,0.38425492033739456,0.4121338912133891,0.4043607532210109,0.43312101910828027,0.43042071197411,0.38694074969770254,0.42207053469852107,0.41077844311377243,0.37733499377334995,0.42069741282339707,0.3559748427672956,0.4403470715835141,0.3993775933609959,0.3875432525951557,0.32614742698191934,0.43469971401334606,0.43229689067201604,0.44519774011299434,0.42138364779874216,0.3818565400843882,0.3942196531791908,0.44195953141640043,0.45200892857142855,0.42046718576195774,0.4013840830449827,0.3840749414519906,0.3693586698337292,0.3760379596678529,0.38204592901878914,0.39358288770053473,0.41127098321342925,0.440567066521265,0.4320083682008368,0.40045766590389015,0.3808437856328392,0.3993677555321391,0.39878048780487807,0.3827751196172249,0.39184177997527814,0.35645933014354064,0.35135135135135137,0.4161640530759952,0.39880239520958083,0.37424058323207776,0.4117647058823529,0.41244239631336405,0.375886524822695,0.3854166666666667,0.3447015834348356,0.36363636363636365,0.38588235294117645,0.41920374707259955,0.40380047505938244,0.3838509316770186,0.42303172737955347,0.350920245398773,0.4216725559481743,0.28545780969479356,0.3506300963676798,0.33775811209439527,0.3412526997840173,0.2824156305506217,0.3522895125553914,0.3426724137931034,0.3386281588447653,0.3207412687099073,0.3805309734513274,0.4102285092491839,0.40782122905027934,0.4268867924528302,0.42171189979123175,0.3626373626373626,0.41939120631341603,0.3782857142857143,0.4223463687150838,0.4149821640903686,0.37726723095526,0.3594692400482509,0.4,0.43722943722943725,0.4055023923444976,0.36363636363636365
hsa154,0.43170103092783507,0.440046565774156,0.4380841121495327,0.38423028785982477,0.44025974025974024,0.44254835039817975,0.3898876404494382,1,0.423841059602649,0.4317343173431734,0.4426229508196721,0.4054982817869416,0.42662116040955633,0.4057826520438684,0.41816143497757846,0.41164021164021164,0.42255125284738043,0.4206257242178447,0.43119266055045874,0.3337423312883436,0.40207522697795073,0.41542625169147496,0.4387878787878788,0.41450068399452805,0.40442890442890445,0.43777777777777777,0.42839352428393523,0.3005822416302766,0.37360406091370557,0.4115755627009646,0.36662606577344703,0.4460674157303371,0.43891402714932126,0.45692883895131087,0.38857142857142857,0.3581730769230769,0.43952095808383235,0.43212951432129515,0.41265822784810124,0.4267352185089974,0.43774069319640563,0.43512304250559286,0.4293915040183697,0.42987012987012985,0.3810082063305979,0.4405829596412556,0.44320987654320987,0.4354243542435424,0.43954802259887005,0.3941798941798942,0.4326424870466321,0.42013422818791946,0.41968911917098445,0.43066666666666664,0.3803921568627451,0.3463035019455253,0.43346508563899866,0.41967621419676215,0.43283582089552236,0.4475703324808184,0.44125,0.42932628797886396,0.438058748403576,0.4402035623409669,0.4,0.40616966580976865,0.3805668016194332,0.386277001270648,0.4167776298268975,0.41656050955414015,0.2570006222775358,0.32140077821011676,0.31965944272445823,0.31169811320754715,0.2541538461538462,0.3201550387596899,0.31099397590361444,0.3126419379258138,0.3084391336818521,0.4511904761904762,0.4327485380116959,0.4332129963898917,0.3877551020408163,0.41834451901565994,0.4463576158940397,0.3985419198055893,0.44512946979038226,0.4043321299638989,0.39768339768339767,0.42988204456094364,0.44052287581699345,0.4328180737217598,0.39069767441860465,0.4015544041450777,0.41655716162943496
hsa64805,0.4397163120567376,0.41878172588832485,0.4178343949044586,0.3557692307692308,0.43061516452074394,0.400990099009901,0.34676434676434675,0.423841059602649,1,0.4002695417789757,0.42105263157894735,0.38403990024937656,0.39851485148514854,0.3648068669527897,0.3946406820950061,0.3707093821510298,0.38909541511771994,0.375,0.42485549132947975,0.30376344086021506,0.38571428571428573,0.41916167664670656,0.3912466843501326,0.42727272727272725,0.36721728081321475,0.39806996381182147,0.41530054644808745,0.2624712202609363,0.32603938730853393,0.38167053364269143,0.3333333333333333,0.3894993894993895,0.4059040590405904,0.4301369863013699,0.35074626865671643,0.328515111695138,0.4201570680628272,0.42896174863387976,0.4102920723226704,0.4229137199434229,0.4307909604519774,0.40583232077764275,0.3975,0.413447782546495,0.3554987212276215,0.3995127892813642,0.4248985115020298,0.42318059299191374,0.41277641277641275,0.3605839416058394,0.4165477888730385,0.4094955489614243,0.4507845934379458,0.44477172312223856,0.3573487031700288,0.32571428571428573,0.438953488372093,0.3907103825136612,0.39836289222373805,0.4472573839662447,0.438957475994513,0.4518950437317784,0.4550561797752809,0.43356643356643354,0.37552155771905427,0.38048090523338046,0.3716417910447761,0.36033519553072624,0.4470588235294118,0.39915966386554624,0.22265625,0.28171334431630973,0.2800982800982801,0.2727272727272727,0.22007722007722008,0.280557834290402,0.2720763723150358,0.2736,0.2697160883280757,0.43302990897269183,0.4107142857142857,0.4039473684210526,0.35624123422159887,0.36573511543134873,0.4517543859649123,0.35771276595744683,0.43513513513513513,0.35789473684210527,0.38243626062322944,0.42052023121387283,0.44668587896253603,0.41948051948051945,0.35107731305449935,0.38373751783166904,0.4057971014492754
hsa1814,0.41153342070773263,0.42907801418439717,0.43534994068801897,0.41603053435114506,0.4385733157199472,0.44226327944572746,0.40820980615735464,0.4317343173431734,0.4002695417789757,1,0.4282051282051282,0.43372093023255814,0.4226327944572748,0.3929292929292929,0.4311717861205916,0.4227467811158798,0.40115606936416187,0.4164705882352941,0.4266666666666667,0.36783042394014964,0.4366754617414248,0.41460055096418735,0.4408866995073892,0.41225626740947074,0.4236686390532544,0.42728297632469,0.42658227848101266,0.29390154298310067,0.38271604938271603,0.4076086956521739,0.4034653465346535,0.427594070695553,0.41561423650975887,0.44923857868020306,0.4025522041763341,0.38583638583638585,0.44282238442822386,0.4417721518987342,0.42857142857142855,0.4287581699346405,0.4151436031331593,0.42224744608399545,0.4254079254079254,0.44914134742404227,0.40595238095238095,0.4402730375426621,0.4617314930991217,0.4325,0.4369266055045872,0.423956931359354,0.4268774703557312,0.43989071038251365,0.4057971014492754,0.4056987788331072,0.4148936170212766,0.3786279683377309,0.4249329758713137,0.4506329113924051,0.4563843236409608,0.42392717815344605,0.4193138500635324,0.40591397849462363,0.41948051948051945,0.4359637774902975,0.435006435006435,0.44052287581699345,0.4217032967032967,0.42377260981912146,0.3970189701897019,0.43134715025906734,0.25094102885821834,0.31446540880503143,0.3127443315089914,0.3048780487804878,0.24813895781637718,0.31323414252153486,0.3041825095057034,0.3058103975535168,0.30165912518853694,0.4316807738814994,0.4323040380047506,0.44254278728606355,0.42282749675745784,0.44154370034052215,0.42183288409703507,0.43950617283950616,0.4348370927318296,0.4278728606356968,0.43586387434554974,0.43066666666666664,0.425531914893617,0.4384057971014493,0.4297520661157025,0.4321475625823452,0.4197860962566845
hsa4986,0.4347240915208614,0.43946731234866826,0.44471445929526127,0.38511749347258484,0.42740841248303935,0.4302600472813239,0.3990665110851809,0.4426229508196721,0.42105263157894735,0.4282051282051282,1,0.3952380952380952,0.43380614657210403,0.388659793814433,0.41559953434225844,0.39473684210526316,0.40946745562130177,0.40240963855421685,0.4301369863013699,0.3388746803069054,0.4078590785907859,0.4348441926345609,0.4166666666666667,0.4269340974212034,0.3975757575757576,0.42214532871972316,0.42857142857142855,0.2833706189410887,0.3602941176470588,0.39555555555555555,0.3743654822335025,0.4340723453908985,0.42303172737955347,0.4557291666666667,0.38836104513064135,0.3617021276595745,0.42643391521197005,0.44805194805194803,0.42800528401585203,0.4375838926174497,0.44235924932975873,0.4262485481997677,0.4343675417661098,0.44369063772048845,0.3829268292682927,0.43655413271245636,0.435006435006435,0.46153846153846156,0.43661971830985913,0.38450899031811897,0.42760487144790255,0.41713483146067415,0.4316644113667118,0.4295676429567643,0.3866120218579235,0.34688346883468835,0.43526170798898073,0.4077922077922078,0.4383916990920882,0.45927903871829107,0.4315514993481095,0.42955801104972374,0.43733333333333335,0.448871181938911,0.41215323645970936,0.42013422818791946,0.3884180790960452,0.3859416445623342,0.42896935933147634,0.4401595744680851,0.241423125794155,0.3027156549520767,0.3018268467037331,0.29411764705882354,0.23869346733668342,0.3023070803500398,0.29343629343629346,0.2950310559006211,0.29096477794793263,0.43370508054522927,0.43309002433090027,0.43609022556390975,0.3954727030625832,0.3995354239256678,0.4404432132963989,0.4,0.44601542416452444,0.40476190476190477,0.40860215053763443,0.4383561643835616,0.430327868852459,0.4282178217821782,0.39298669891172916,0.41136671177266576,0.41620879120879123
hsa1128,0.3863912515188335,0.41721854304635764,0.4263565891472868,0.4148936170212766,0.4149326805385557,0.42548596112311016,0.4215581643543223,0.4054982817869416,0.38403990024937656,0.43372093023255814,0.3952380952380952,1,0.4146868250539957,0.41904761904761906,0.43769968051118213,0.4475806451612903,0.4259459459459459,0.44505494505494503,0.3962962962962963,0.3851508120649652,0.4278728606356968,0.3842239185750636,0.41857798165137616,0.37660668380462725,0.4430939226519337,0.4350580781414995,0.3976470588235294,0.32371569317382126,0.4011627906976744,0.4387755102040816,0.41013824884792627,0.4226254002134472,0.4092373791621912,0.4115566037735849,0.40238611713665945,0.3924914675767918,0.4421768707482993,0.42823529411764705,0.40979689366786143,0.40606060606060607,0.4043583535108959,0.4261424017003188,0.4117647058823529,0.41370869033047736,0.42444444444444446,0.4504792332268371,0.4235705950991832,0.40930232558139534,0.4206008583690987,0.40971357409713577,0.4065934065934066,0.398989898989899,0.38461538461538464,0.37892095357590966,0.4051724137931034,0.38508557457212717,0.39826302729528534,0.4447058823529412,0.42655699177438305,0.39927623642943305,0.39315230224321135,0.3718905472636816,0.39518072289156625,0.4069627851140456,0.4145758661887694,0.40969696969696967,0.39847715736040606,0.4148681055155875,0.37844611528822053,0.41346153846153844,0.2781136638452237,0.34459459459459457,0.3435399551904406,0.33527696793002915,0.2751196172248804,0.34405385190725507,0.3338181818181818,0.3362573099415205,0.33044733044733043,0.4081172491544532,0.4401330376940133,0.4316628701594533,0.4223826714801444,0.4505844845908608,0.3740648379052369,0.42873563218390803,0.4020979020979021,0.438496583143508,0.4053398058252427,0.3814814814814815,0.3842364532019704,0.4403153153153153,0.43329658213891953,0.4139194139194139,0.38985148514851486
hsa1129,0.39324487334137515,0.4407894736842105,0.4444444444444444,0.3626760563380282,0.402187120291616,0.4313304721030043,0.37857900318133614,0.42662116040955633,0.39851485148514854,0.4226327944572748,0.43380614657210403,0.4146868250539957,1,0.42613636363636365,0.4455026455026455,0.43687374749499,0.3952738990332975,0.3875545851528384,0.38480392156862747,0.3283410138248848,0.3907766990291262,0.4027777777777778,0.4043280182232346,0.38392857142857145,0.38638858397365533,0.42917103882476393,0.39369158878504673,0.3265592151366503,0.36127167630057805,0.40466531440162273,0.3524027459954233,0.4337221633085896,0.4386339381003202,0.4262295081967213,0.3793103448275862,0.34350282485875705,0.42792792792792794,0.4380841121495327,0.41162514827995256,0.4139590854392298,0.4182692307692308,0.44667370644139387,0.44047619047619047,0.4046172539489672,0.3719646799116998,0.43703703703703706,0.4241019698725377,0.4445727482678984,0.44029850746268656,0.36341161928306553,0.4084848484848485,0.39598997493734334,0.4036363636363636,0.40224159402241594,0.3569682151589242,0.3276699029126214,0.39285714285714285,0.40420560747663553,0.4235705950991832,0.4359281437125748,0.40211019929660025,0.4049382716049383,0.4126794258373206,0.4123957091775924,0.38552787663107946,0.3850782190132371,0.36649874055415615,0.36666666666666664,0.40422885572139305,0.40692124105011934,0.28072289156626506,0.33482810164424515,0.3464684014869889,0.3352685050798258,0.27771156138259834,0.33283693224125094,0.33743664011585806,0.33770014556040756,0.33477011494252873,0.42889137737961924,0.43612334801762115,0.4321266968325792,0.37753882915173237,0.40549102428722283,0.4034653465346535,0.3984018264840183,0.4375,0.4004524886877828,0.38795180722891565,0.40931372549019607,0.39486552567237165,0.4250559284116331,0.3888280394304491,0.37696969696969695,0.40294840294840295
hsa1131,0.3756558237145855,0.4266409266409266,0.41529525653436594,0.3729508196721312,0.37697993664202745,0.41950757575757575,0.38425492033739456,0.4057826520438684,0.3648068669527897,0.3929292929292929,0.388659793814433,0.41904761904761906,0.42613636363636365,1,0.4237605238540692,0.45187165775401067,0.3943127962085308,0.4048076923076923,0.3702127659574468,0.34375,0.370253164556962,0.3558951965065502,0.39820359281437123,0.3491189427312775,0.4067632850241546,0.4428969359331476,0.39591836734693875,0.3803997421018698,0.382960413080895,0.4252252252252252,0.35971943887775554,0.42924086223055297,0.43826578699340246,0.39059304703476483,0.37167300380228135,0.34489593657086226,0.41205533596837945,0.3979591836734694,0.3857290589451913,0.381151832460733,0.3817991631799163,0.43977591036414565,0.41412213740458015,0.37697993664202745,0.37766990291262137,0.4321796071094481,0.3981762917933131,0.397979797979798,0.4322033898305085,0.3633440514469453,0.37513171759747105,0.35683297180043383,0.37513171759747105,0.36030204962243795,0.3641188959660297,0.339662447257384,0.3696581196581197,0.39591836734693875,0.3843017329255861,0.38477580813347234,0.3828045035823951,0.36295503211991437,0.37916666666666665,0.38317757009345793,0.37435367114788004,0.374869109947644,0.35185185185185186,0.36721991701244816,0.3642241379310345,0.3794178794178794,0.3307174887892377,0.38919288645690836,0.40095302927161336,0.39280958721704395,0.3274139844617092,0.3878663940013633,0.387375415282392,0.3931909212283044,0.38852242744063326,0.40707964601769914,0.4166666666666667,0.40773809523809523,0.3777315296566077,0.4117647058823529,0.3648068669527897,0.387,0.3917004048582996,0.3819444444444444,0.3668763102725367,0.3648936170212766,0.37261146496815284,0.41453831041257366,0.3809064609450338,0.37091675447839834,0.3678038379530917
hsa1132,0.3978622327790974,0.4335135135135135,0.44685466377440347,0.4,0.4019138755980861,0.42857142857142855,0.4121338912133891,0.41816143497757846,0.3946406820950061,0.4311717861205916,0.41559953434225844,0.43769968051118213,0.4455026455026455,0.4237605238540692,1,0.44906033630069236,0.4279661016949153,0.42734122712594186,0.390832328106152,0.36322360953461974,0.3954599761051374,0.4,0.4219977553310887,0.3877038895859473,0.4199134199134199,0.4254658385093168,0.4016110471806674,0.3326388888888889,0.390104662226451,0.4264264264264264,0.399098083427283,0.4424686192468619,0.42,0.4244521337946944,0.4070138150903294,0.37973273942093544,0.43507214206437295,0.43498273878020716,0.40654205607476634,0.4052132701421801,0.40473372781065087,0.4354166666666667,0.43649946638207043,0.4138755980861244,0.40805223068552776,0.4488517745302714,0.4269406392694064,0.42889647326507396,0.42691903259726605,0.3844282238442822,0.4045346062052506,0.4007398273736128,0.3926014319809069,0.39338235294117646,0.3898916967509025,0.3655913978494624,0.4024242424242424,0.4142692750287687,0.42528735632183906,0.41745283018867924,0.4006928406466513,0.39611178614823817,0.4122497055359246,0.4154929577464789,0.39485981308411217,0.3933649289099526,0.3965303593556382,0.39976553341148885,0.39167686658506734,0.42420681551116335,0.28631201434548714,0.35233160621761656,0.35198821796759944,0.3443565780014378,0.283264340626848,0.3502949852507375,0.3436154949784792,0.3453496755587599,0.3395017793594306,0.4227373068432671,0.43213897937024975,0.43255295429208473,0.4082352941176471,0.42291666666666666,0.3995127892813642,0.4150731158605174,0.4264538198403649,0.4258639910813824,0.4128113879003559,0.413751507840772,0.3983152827918171,0.43439911797133407,0.41252699784017277,0.3937947494033413,0.3978234582829504
hsa1133,0.37988826815642457,0.4294478527607362,0.4358974358974359,0.3867102396514161,0.3892013498312711,0.4258517034068136,0.4043607532210109,0.41164021164021164,0.3707093821510298,0.4227467811158798,0.39473684210526316,0.4475806451612903,0.43687374749499,0.45187165775401067,0.44906033630069236,1,0.40722166499498497,0.42464358452138495,0.3798185941043084,0.35974304068522484,0.39775280898876403,0.3741258741258741,0.4141949152542373,0.36470588235294116,0.4186284544524053,0.4474975466143278,0.3926247288503254,0.3563295378432686,0.3967391304347826,0.43346007604562736,0.3861702127659574,0.4400396432111001,0.4247258225324028,0.4108695652173913,0.3843058350100604,0.3743427970557308,0.4308176100628931,0.4197396963123644,0.39823982398239827,0.39464882943143814,0.39532293986636974,0.43928923988154,0.4202020202020202,0.39595050618672667,0.3950617283950617,0.44708209693372897,0.42303552206673845,0.41416309012875535,0.4292828685258964,0.37485714285714283,0.39169472502805835,0.3819444444444444,0.3759820426487093,0.3716915995397008,0.3755656108597285,0.35280898876404493,0.38496583143507973,0.40997830802603036,0.40303358613217766,0.3951165371809101,0.3895538628944505,0.3721461187214612,0.38802660753880264,0.4022099447513812,0.40264026402640263,0.39464882943143814,0.37790697674418605,0.38962472406181015,0.36551724137931035,0.40486725663716816,0.3082271147161066,0.3682336182336182,0.3770375620127569,0.3684210526315789,0.30504587155963303,0.36763662171753014,0.3669661368348307,0.36944444444444446,0.36488340192043894,0.4129301355578728,0.4342915811088296,0.42210526315789476,0.4008859357696567,0.4383020730503455,0.37643020594965676,0.4118895966029724,0.4150537634408602,0.41157894736842104,0.3872767857142857,0.3900226757369615,0.3778280542986425,0.428125,0.40755873340143,0.38271604938271603,0.37386363636363634
hsa150,0.39492753623188404,0.42151481888035125,0.4118942731277533,0.4018801410105758,0.40875912408759124,0.4221267454350161,0.43312101910828027,0.42255125284738043,0.38909541511771994,0.40115606936416187,0.40946745562130177,0.4259459459459459,0.3952738990332975,0.3943127962085308,0.4279661016949153,0.40722166499498497,1,0.45027322404371584,0.3815950920245399,0.38985005767012687,0.39611178614823817,0.3994943109987358,0.42531356898517675,0.37037037037037035,0.4340659340659341,0.40756302521008403,0.39415204678362575,0.32608695652173914,0.4214079074252652,0.449746192893401,0.40778923253150057,0.43312101910828027,0.38782051282051283,0.4138335287221571,0.43905070118662354,0.4083710407239819,0.4351747463359639,0.4222222222222222,0.3990498812351544,0.38795180722891565,0.3983152827918171,0.40169133192389006,0.40736728060671723,0.40632603406326034,0.4176795580110497,0.4311440677966102,0.41299303944315546,0.3976878612716763,0.4012806830309498,0.3873762376237624,0.3883495145631068,0.39021329987452946,0.38228155339805825,0.3790523690773067,0.3953488372093023,0.3888213851761847,0.38964241676942046,0.40116959064327484,0.4088785046728972,0.4052757793764988,0.4014084507042254,0.37824474660074164,0.3976047904191617,0.4116945107398568,0.40617577197149646,0.39397590361445783,0.3896595208070618,0.39690107270560193,0.3848069738480697,0.4241338112305854,0.28028933092224234,0.34779356768885566,0.34077380952380953,0.33769063180827885,0.2772808586762075,0.3464977645305514,0.33695652173913043,0.33867443554260745,0.3184759166067577,0.3991031390134529,0.4178610804851158,0.42129105322763305,0.40789473684210525,0.4186046511627907,0.3965303593556382,0.4022857142857143,0.3939745075318656,0.42242355605889015,0.40651387213510254,0.3889570552147239,0.39167686658506734,0.41097424412094063,0.4243421052631579,0.3883495145631068,0.3948339483394834
hsa151,0.3997539975399754,0.4140625,0.40985442329227323,0.4270334928229665,0.41263940520446096,0.4268558951965066,0.43042071197411,0.4206257242178447,0.375,0.4164705882352941,0.40240963855421685,0.44505494505494503,0.3875545851528384,0.4048076923076923,0.42734122712594186,0.42464358452138495,0.45027322404371584,1,0.39125,0.392018779342723,0.4158415841584158,0.39948453608247425,0.4408352668213457,0.3828125,0.45139664804469276,0.41728922091782283,0.4035714285714286,0.3189227498228207,0.4080234833659491,0.4309278350515464,0.4090909090909091,0.4368932038834951,0.3952225841476656,0.41646778042959426,0.4199561403508772,0.4004602991944764,0.44036697247706424,0.41904761904761906,0.41233373639661425,0.39631901840490796,0.39950980392156865,0.40494092373791624,0.4129955947136564,0.41759603469640644,0.4202247191011236,0.43595263724434874,0.4203069657615112,0.3976470588235294,0.40238611713665945,0.4073139974779319,0.4054388133498146,0.3989769820971867,0.3856613102595797,0.3710292249047014,0.4102244389027431,0.39851485148514854,0.4020100502512563,0.4226190476190476,0.4149821640903686,0.3907203907203907,0.4062126642771804,0.36649874055415615,0.38902439024390245,0.402187120291616,0.40870616686819833,0.403680981595092,0.4087403598971722,0.4211165048543689,0.38071065989847713,0.4245742092457421,0.2737226277372263,0.340393343419062,0.33860045146726864,0.3303964757709251,0.27075812274368233,0.33911077618688773,0.32967032967032966,0.33136966126656847,0.32558139534883723,0.40250855188141393,0.42937219730941706,0.4216589861751152,0.4287454323995128,0.44253490870032225,0.3888888888888889,0.4127906976744186,0.3903301886792453,0.43202764976958524,0.41277641277641275,0.38875,0.4002493765586035,0.4214123006833713,0.42251950947603123,0.4103831891223733,0.38721804511278196
hsa3577,0.44600280504908835,0.4082914572864322,0.4123581336696091,0.39945652173913043,0.44695898161244696,0.4068627450980392,0.38694074969770254,0.43119266055045874,0.42485549132947975,0.4266666666666667,0.4301369863013699,0.3962962962962963,0.38480392156862747,0.3702127659574468,0.390832328106152,0.3798185941043084,0.3815950920245399,0.39125,1,0.3550531914893617,0.4251412429378531,0.42159763313609466,0.4238845144356955,0.44610778443113774,0.4075471698113208,0.4157706093189964,0.43648648648648647,0.2669717772692601,0.3546637744034707,0.3931034482758621,0.37994722955145116,0.39903264812575573,0.415347137637028,0.44308943089430897,0.3694581280788177,0.36540962288686607,0.41968911917098445,0.41486486486486485,0.4154057771664374,0.42377622377622376,0.4245810055865922,0.4139590854392298,0.4158415841584158,0.44271570014144274,0.3911392405063291,0.4161640530759952,0.44176706827309237,0.4266666666666667,0.41849148418491483,0.4126984126984127,0.43723554301833567,0.4413489736070381,0.43582510578279265,0.43377001455604075,0.4116809116809117,0.3799435028248588,0.4583333333333333,0.422972972972973,0.43049932523616735,0.43532684283727396,0.43826322930800543,0.414985590778098,0.42916666666666664,0.44398340248962653,0.4167812929848693,0.43496503496503497,0.3997050147492625,0.4074585635359116,0.4127906976744186,0.425207756232687,0.2266839378238342,0.2864157119476268,0.2847843775427177,0.277337559429477,0.22407170294494239,0.2852485737571312,0.2766798418972332,0.27821939586645467,0.274294670846395,0.43886743886743884,0.42676767676767674,0.4114583333333333,0.40499306518723993,0.3971119133574007,0.4421965317919075,0.40789473684210525,0.42245989304812837,0.3919270833333333,0.41456582633053224,0.43142857142857144,0.4415954415954416,0.4267352185089974,0.39523212045169387,0.43582510578279265,0.4140401146131805
hsa5731,0.3437908496732026,0.3561320754716981,0.34911242603550297,0.4302030456852792,0.35177865612648224,0.3640552995391705,0.42207053469852107,0.3337423312883436,0.30376344086021506,0.36783042394014964,0.3388746803069054,0.3851508120649652,0.3283410138248848,0.34375,0.36322360953461974,0.35974304068522484,0.38985005767012687,0.392018779342723,0.3550531914893617,1,0.39473684210526316,0.3447802197802198,0.3882063882063882,0.3236111111111111,0.42621015348288077,0.3565804274465692,0.3547979797979798,0.28980190755685986,0.3993839835728953,0.40238611713665945,0.42962962962962964,0.3640500568828214,0.3333333333333333,0.3430379746835443,0.4224537037037037,0.4226552984165652,0.37985436893203883,0.3611111111111111,0.3581514762516046,0.3324641460234681,0.3359375,0.3431483578708947,0.34651162790697676,0.3702239789196311,0.42161520190023755,0.3745743473325766,0.360450563204005,0.33915211970074816,0.34668192219679633,0.4174496644295302,0.3495400788436268,0.3528610354223433,0.3193166885676741,0.3071718538565629,0.4230769230769231,0.44342105263157894,0.3422459893048128,0.3851010101010101,0.3694829760403531,0.32944228274967574,0.34220532319391633,0.2975871313672922,0.31994818652849744,0.3470967741935484,0.3940949935815148,0.39113428943937417,0.3726027397260274,0.42396907216494845,0.3162162162162162,0.3798449612403101,0.2518796992481203,0.315541601255887,0.30991412958626074,0.30441400304414,0.24907063197026022,0.31430805316653637,0.3052391799544419,0.3045801526717557,0.2914156626506024,0.33172496984318456,0.3684834123222749,0.36341463414634145,0.4320827943078913,0.3895809739524349,0.3172043010752688,0.41625615763546797,0.32125,0.39146341463414636,0.39425587467362927,0.3404255319148936,0.3249336870026525,0.36265060240963853,0.4275618374558304,0.3955321944809461,0.324
hsa5732,0.4077669902912621,0.40422885572139305,0.4069912609238452,0.43010752688172044,0.43216783216783217,0.41019417475728154,0.41077844311377243,0.40207522697795073,0.38571428571428573,0.4366754617414248,0.4078590785907859,0.4278728606356968,0.3907766990291262,0.370253164556962,0.3954599761051374,0.39775280898876403,0.39611178614823817,0.4158415841584158,0.4251412429378531,0.39473684210526316,1,0.40350877192982454,0.4142857142857143,0.3979289940828402,0.42839352428393523,0.40946745562130177,0.41711229946524064,0.2714177407126611,0.3763440860215054,0.39863325740318906,0.4046997389033943,0.4,0.40048250904704463,0.42091152815013405,0.4,0.39253539253539255,0.4205128205128205,0.42112299465240643,0.42857142857142855,0.4190871369294606,0.4102209944751381,0.399284862932062,0.4019607843137255,0.43356643356643354,0.424812030075188,0.4157706093189964,0.4357615894039735,0.4023746701846966,0.41686746987951806,0.44079885877318115,0.4281729428172943,0.4289855072463768,0.398884239888424,0.3856115107913669,0.4309859154929577,0.39664804469273746,0.41761363636363635,0.4505347593582888,0.43658210947930576,0.4030261348005502,0.40671140939597317,0.37464387464387466,0.39972527472527475,0.41997264021887826,0.43537414965986393,0.4343015214384509,0.42128279883381925,0.4207650273224044,0.3879310344827586,0.4273972602739726,0.23067010309278352,0.2910569105691057,0.28940986257073564,0.28188976377952757,0.22802547770700637,0.28987854251012146,0.2812254516889238,0.28278041074249605,0.2772585669781931,0.4089171974522293,0.42375,0.4213917525773196,0.4430727023319616,0.41120381406436235,0.3942857142857143,0.4322916666666667,0.4060846560846561,0.42912371134020616,0.41274238227146814,0.3983050847457627,0.4028169014084507,0.4300254452926209,0.43850931677018634,0.45327754532775455,0.3951841359773371
