,hsa338442,hsa1812,hsa1813,hsa5739,hsa9052,hsa148,hsa153,hsa154,hsa64805,hsa1814,hsa4986,hsa1128,hsa1129,hsa1131,hsa1132,hsa1133,hsa150,hsa151,hsa3577,hsa5731,hsa5732,hsa134,hsa135,hsa140,hsa11255,hsa3269,hsa59340,hsa2550,hsa146,hsa147,hsa155,hsa1816,hsa3356,hsa3360,hsa152,hsa1815,hsa3350,hsa3351,hsa3352,hsa3354,hsa3355,hsa3357,hsa3358,hsa3361,hsa3362,hsa3363,hsa3274,hsa4988,hsa1268,hsa6915,hsa5737,hsa136,hsa185,hsa10800,hsa1241,hsa56413,hsa57105,hsa5733,hsa6751,hsa6752,hsa8843,hsa10161,hsa2846,hsa5028,hsa5029,hsa5030,hsa5031,hsa5032,hsa9934,hsa4985,hsa2911,hsa2912,hsa2913,hsa2914,hsa2915,hsa2916,hsa2917,hsa2918,hsa222545,hsa1909,hsa1910,hsa552,hsa554,hsa9283,hsa5724,hsa23620,hsa7201,hsa6753,hsa6755,hsa4543,hsa1234,hsa886,hsa887,hsa5729,hsa6010
hsa338442,1,0.05093167701863354,0.03865336658354115,0.04161073825503356,0.05726256983240224,0.04242424242424243,0.034688995215311005,0.03626943005181347,0.05135520684736091,0.04216073781291173,0.04871447902571042,0.030525030525030524,0.044848484848484846,0.0547945205479452,0.027446300715990454,0.030303030303030304,0.024271844660194174,0.03584672435105068,0.0380818053596615,0.03810775295663601,0.04184100418410042,0.04817518248175182,0.03501945525291829,0.03988183161004431,0.046019900497512436,0.04373522458628842,0.03871829105473965,0.041666666666666664,0.050483351235230935,0.05005688282138794,0.03129074315514994,0.04784688995215311,0.04819277108433735,0.03748326639892905,0.03288672350791717,0.04627249357326478,0.03713188220230474,0.04672897196261682,0.03260869565217391,0.04419889502762431,0.041379310344827586,0.05357142857142857,0.03671970624235006,0.030726256983240222,0.0425531914893617,0.0477326968973747,0.04894179894179894,0.04216073781291173,0.03850782190132371,0.04131054131054131,0.027855153203342618,0.03907380607814761,0.05153203342618384,0.05172413793103448,0.0450070323488045,0.04602510460251046,0.062411347517730496,0.042723631508678236,0.052,0.038461538461538464,0.41823056300268097,0.059743954480796585,0.04938271604938271,0.04644808743169399,0.043478260869565216,0.04696132596685083,0.050946142649199416,0.03819918144611187,0.043041606886657105,0.04103967168262654,0.0489375402446877,0.045491470349309504,0.03715670436187399,0.04799370574350905,0.047103755569700825,0.04449838187702265,0.041601255886970175,0.04104183109707971,0.04046692607003891,0.03816793893129771,0.04119850187265917,0.04504504504504504,0.03972602739726028,0.034523809523809526,0.0442225392296719,0.045513654096228866,0.043593130779392336,0.05662805662805663,0.04564315352697095,0.039492242595204514,0.04922644163150492,0.04193138500635324,0.04590570719602978,0.04735376044568245,0.039603960396039604
hsa1812,0.05093167701863354,1,0.07344632768361582,0.06159420289855073,0.04005006257822278,0.07378854625550661,0.06420021762785637,0.047953216374269005,0.04336734693877551,0.08788598574821853,0.05596107055961071,0.052106430155210645,0.046255506607929514,0.05232558139534884,0.053203040173724216,0.061601642710472276,0.05622932745314223,0.0515695067264574,0.056818181818181816,0.041469194312796206,0.05625,0.05078125,0.040983606557377046,0.05,0.060879368658399095,0.0527448869752422,0.051682692307692304,0.05274411974340699,0.0670611439842209,0.07380457380457381,0.052941176470588235,0.18498367791077258,0.06462212486308871,0.06265060240963856,0.061946902654867256,0.04878048780487805,0.0625,0.057692307692307696,0.0695970695970696,0.07806691449814127,0.06064356435643564,0.06608884073672806,0.06555555555555556,0.056320400500625784,0.06349206349206349,0.06731813246471227,0.06555423122765197,0.04513064133016627,0.05908096280087528,0.049681528662420385,0.04744069912609238,0.059431524547803614,0.039950062421972535,0.051347881899871634,0.05163727959697733,0.0475,0.04060913705583756,0.04326923076923077,0.060024009603841535,0.051787916152897656,0.04825090470446321,0.05216284987277354,0.059113300492610835,0.049079754601226995,0.040293040293040296,0.03841387856257745,0.04285714285714286,0.04534313725490196,0.04358974358974359,0.05528255528255528,0.06356968215158924,0.05098934550989345,0.04844814534443603,0.05465288035450517,0.062273276904474005,0.053828658074298714,0.04863669859985262,0.05555555555555555,0.05263157894736842,0.04142692750287687,0.042986425339366516,0.04534883720930233,0.04920049200492005,0.04333694474539545,0.039540816326530615,0.05046948356807512,0.04523809523809524,0.05,0.05707196029776675,0.04292929292929293,0.05037783375314862,0.06436781609195402,0.0562429696287964,0.04868913857677903,0.030379746835443037
hsa1813,0.03865336658354115,0.07344632768361582,1,0.03272727272727273,0.032663316582914576,0.06740331491712707,0.07314410480349345,0.07981220657276995,0.03585147247119078,0.1573301549463647,0.05128205128205128,0.03781979977753059,0.041988950276243095,0.05053449951409135,0.0457516339869281,0.04325437693099897,0.06084070796460177,0.0562429696287964,0.043092522179974654,0.05112960760998811,0.05269761606022585,0.058823529411764705,0.0564042303172738,0.05151915455746367,0.06447963800904978,0.04427645788336933,0.05548854041013269,0.05071428571428571,0.06923837784371908,0.08029197080291971,0.05785123966942149,0.06331877729257641,0.06373626373626373,0.05078597339782346,0.06437291897891231,0.06643356643356643,0.05110336817653891,0.06996381182147166,0.0784313725490196,0.06467661691542288,0.05714285714285714,0.06521739130434782,0.06243032329988852,0.05150753768844221,0.051194539249146756,0.06753812636165578,0.06578947368421052,0.05125148986889154,0.05159165751920966,0.04219948849104859,0.03258145363408521,0.042801556420233464,0.04887218045112782,0.05283505154639175,0.045512010113780026,0.037641154328732745,0.04076433121019108,0.047044632086851626,0.043373493975903614,0.050742574257425746,0.03753026634382567,0.034482758620689655,0.04573547589616811,0.038177339901477834,0.04779411764705882,0.03482587064676617,0.041720990873533245,0.03936039360393604,0.03861003861003861,0.05425400739827373,0.05572565829761176,0.04271548436308162,0.04400606980273141,0.0458919319022946,0.04542701393095094,0.050911854103343465,0.050221565731166914,0.05270972531551596,0.047619047619047616,0.042725173210161664,0.046538024971623154,0.040840140023337225,0.03580246913580247,0.04456521739130435,0.04865556978233035,0.0624263839811543,0.05137395459976105,0.05367561260210035,0.053549190535491904,0.045627376425855515,0.05056890012642225,0.04152249134948097,0.04853273137697517,0.03759398496240601,0.03939008894536213
hsa5739,0.04161073825503356,0.06159420289855073,0.03272727272727273,1,0.06089309878213803,0.049528301886792456,0.06169965075669383,0.04025157232704402,0.04419889502762431,0.058823529411764705,0.05380577427821522,0.055819477434679333,0.041273584905660375,0.04526748971193416,0.05574912891986063,0.05579868708971553,0.05194805194805195,0.055288461538461536,0.04234972677595628,0.10331632653061225,0.0918918918918919,0.04943502824858757,0.05793450881612091,0.03857142857142857,0.05441354292623942,0.0379746835443038,0.03756476683937824,0.054355919583023084,0.07442348008385745,0.05321507760532151,0.06582278481012659,0.04190919674039581,0.05275498241500586,0.03766233766233766,0.06279620853080568,0.05867665418227216,0.03980099502487562,0.03756476683937824,0.03293807641633729,0.04551539491298527,0.03609625668449198,0.038238702201622246,0.039285714285714285,0.05142083897158322,0.07177615571776155,0.0429732868757259,0.05006418485237484,0.04475703324808184,0.05035128805620609,0.08275862068965517,0.06342780026990553,0.058823529411764705,0.0310391363022942,0.03477051460361613,0.07084468664850137,0.06621621621621622,0.03021978021978022,0.06994818652849741,0.040103492884864166,0.047936085219707054,0.04031209362808843,0.027548209366391185,0.041223404255319146,0.039735099337748346,0.06060606060606061,0.06157965194109773,0.06338028169014084,0.06084656084656084,0.03333333333333333,0.05305039787798409,0.05266497461928934,0.0685805422647528,0.04203013481363997,0.04714064914992272,0.05834378920953576,0.06274821286735505,0.04317656129529684,0.04263565891472868,0.05122324159021407,0.03584672435105068,0.04854368932038835,0.0375,0.07171314741035857,0.06952491309385864,0.04005524861878453,0.07196969696969698,0.04358974358974359,0.04875,0.05361930294906166,0.03961748633879782,0.04087193460490463,0.04567901234567901,0.06996381182147166,0.08771929824561403,0.0273972602739726
hsa9052,0.05726256983240224,0.04005006257822278,0.032663316582914576,0.06089309878213803,1,0.0463980463980464,0.04578313253012048,0.02741514360313316,0.03741007194244604,0.033200531208499334,0.0286493860845839,0.05043050430504305,0.042735042735042736,0.044538706256627786,0.039663461538461536,0.0384180790960452,0.03667481662591687,0.0460772104607721,0.06116642958748222,0.04105960264900662,0.03938115330520394,0.036818851251840944,0.043137254901960784,0.043219076005961254,0.05513784461152882,0.04047619047619048,0.039030955585464336,0.05098934550989345,0.03891891891891892,0.046964490263459335,0.0328515111695138,0.03734939759036145,0.05703883495145631,0.033738191632928474,0.033128834355828224,0.042746113989637305,0.03483870967741935,0.04576043068640646,0.0410958904109589,0.02924791086350975,0.037552155771905425,0.06115107913669065,0.04438964241676942,0.04507042253521127,0.04287515762925599,0.046875,0.03866666666666667,0.03187250996015936,0.044848484848484846,0.04310344827586207,0.0449438202247191,0.03941605839416058,0.0449438202247191,0.0463768115942029,0.04680851063829787,0.046413502109704644,0.044349070100143065,0.047106325706594884,0.0456989247311828,0.0332409972299169,0.043243243243243246,0.03012912482065997,0.04426002766251729,0.0440771349862259,0.045205479452054796,0.04178272980501393,0.03671071953010279,0.048143053645116916,0.053545586107091175,0.03310344827586207,0.05429864253393665,0.04979591836734694,0.052759740259740256,0.04901185770750988,0.04856230031948882,0.05121951219512195,0.04337539432176656,0.047581284694686754,0.04534792806880375,0.03205128205128205,0.03522012578616352,0.0324254215304799,0.04696132596685083,0.04316546762589928,0.053237410071942444,0.04456094364351245,0.03994673768308921,0.038910505836575876,0.02789400278940028,0.04267425320056899,0.05815602836879433,0.046094750320102434,0.05125,0.0449438202247191,0.03138373751783167
hsa148,0.04242424242424243,0.07378854625550661,0.06740331491712707,0.049528301886792456,0.0463980463980464,1,0.07135250266240682,0.05942857142857143,0.0472636815920398,0.07192575406032482,0.048693586698337295,0.049891540130151846,0.05495689655172414,0.058935361216730035,0.057385759829968117,0.05533199195171026,0.061488673139158574,0.0581140350877193,0.05172413793103448,0.04861111111111111,0.0524390243902439,0.05583756345177665,0.05491990846681922,0.05,0.05402425578831312,0.051633298208640675,0.05868544600938967,0.05551651440618412,0.11218568665377177,0.13747454175152748,0.06551724137931035,0.05750798722044728,0.06645230439442658,0.058823529411764705,0.07034632034632035,0.0510783200908059,0.06447963800904978,0.0715962441314554,0.0631704410011919,0.056831922611850064,0.07004830917874397,0.07635206786850478,0.0641304347826087,0.07203907203907203,0.07095343680709534,0.06269925611052073,0.05587892898719441,0.04756380510440835,0.06316916488222699,0.05217391304347826,0.0438489646772229,0.05289672544080604,0.047503045066991476,0.05131414267834793,0.05036855036855037,0.04024390243902439,0.043316831683168314,0.03873239436619718,0.05744431418522861,0.05535499398315283,0.04122497055359246,0.04218362282878412,0.038461538461538464,0.041916167664670656,0.05601907032181168,0.05078597339782346,0.0379746835443038,0.041866028708133975,0.045,0.045563549160671464,0.049516908212560384,0.046476761619190406,0.0529455630126771,0.04730713245997089,0.056152927120669056,0.05601194921583271,0.048656499636891795,0.04890510948905109,0.051152737752161385,0.05961754780652419,0.06858407079646017,0.053409090909090906,0.060024009603841535,0.04559915164369035,0.046019900497512436,0.047018348623853214,0.05232558139534884,0.06818181818181818,0.059322033898305086,0.0603448275862069,0.05036855036855037,0.04269662921348315,0.047304730473047306,0.040194884287454324,0.03580246913580247
hsa153,0.034688995215311005,0.06420021762785637,0.07314410480349345,0.06169965075669383,0.04578313253012048,0.07135250266240682,1,0.11963882618510158,0.025766871165644172,0.06872852233676977,0.05158264947245018,0.04930332261521972,0.038338658146964855,0.05174035747883349,0.05042016806722689,0.042786069651741296,0.07356076759061833,0.06500541711809317,0.05953827460510328,0.07314285714285715,0.048134777376654635,0.052565707133917394,0.06666666666666667,0.05436156763590392,0.07298474945533769,0.046875,0.047508690614136734,0.0599721059972106,0.08133971291866028,0.06847935548841894,0.1543700340522134,0.06631578947368422,0.05826271186440678,0.06852497096399536,0.09304812834224599,0.08744394618834081,0.07374301675977654,0.0776361529548088,0.06941176470588235,0.0441527446300716,0.04886769964243146,0.0440251572327044,0.06229860365198711,0.060240963855421686,0.0963855421686747,0.06722689075630252,0.05747126436781609,0.046964490263459335,0.04656084656084656,0.05269607843137255,0.04567307692307692,0.05962732919254658,0.039663461538461536,0.037037037037037035,0.06909090909090909,0.06738868832731648,0.05372405372405373,0.054461181923522596,0.05787037037037037,0.0498812351543943,0.03837209302325582,0.03549571603427173,0.042704626334519574,0.03309692671394799,0.05529411764705883,0.07159904534606205,0.04744069912609238,0.048406139315230225,0.03329223181257707,0.06627218934911243,0.0653869226154769,0.07360594795539034,0.05103550295857988,0.04909747292418772,0.06468842729970327,0.06666666666666667,0.04971181556195965,0.04706734250543085,0.04717655468191565,0.04111111111111111,0.060109289617486336,0.038159371492704826,0.06398104265402843,0.05345911949685535,0.03680981595092025,0.0622876557191393,0.04362801377726751,0.0707070707070707,0.08243727598566308,0.053462940461725394,0.05333333333333334,0.05660377358490566,0.06304347826086956,0.055288461538461536,0.04263093788063337
hsa154,0.03626943005181347,0.047953216374269005,0.07981220657276995,0.04025157232704402,0.02741514360313316,0.05942857142857143,0.11963882618510158,1,0.03195739014647137,0.06180469715698393,0.03802281368821293,0.04027617951668585,0.04,0.05205205205205205,0.0472972972972973,0.04357066950053135,0.04805491990846682,0.047729918509895226,0.05533596837944664,0.040690505548705305,0.04302477183833116,0.053061224489795916,0.06211936662606577,0.05639614855570839,0.04215456674473068,0.029017857142857144,0.04630788485607009,0.04452554744525548,0.04994903160040775,0.05597416576964478,0.09791921664626684,0.062076749435665914,0.06136363636363636,0.06775407779171895,0.0505166475315729,0.035024154589371984,0.056558363417569195,0.05381727158948686,0.044529262086514,0.04392764857881137,0.05548387096774193,0.0696629213483146,0.05536332179930796,0.04308093994778068,0.03769140164899882,0.04054054054054054,0.04838709677419355,0.038318912237330034,0.049943246311010214,0.041223404255319146,0.049479166666666664,0.05128205128205128,0.055989583333333336,0.04691689008042895,0.04730617608409987,0.03129074315514994,0.04370860927152318,0.03754693366708386,0.0475,0.055269922879177376,0.0364321608040201,0.03851261620185923,0.03337612323491656,0.028132992327365727,0.031806615776081425,0.03617571059431524,0.035278154681139755,0.031928480204342274,0.05220883534136546,0.04865556978233035,0.043668122270742356,0.04215456674473068,0.05124223602484472,0.041635124905374715,0.04133251079580506,0.04510108864696734,0.0377643504531722,0.04403948367501898,0.05767790262172284,0.05741626794258373,0.04935370152761457,0.030229746070133012,0.03717948717948718,0.04719101123595506,0.04660452729693742,0.040293040293040296,0.03965303593556382,0.0471584038694075,0.045278137128072445,0.039525691699604744,0.05913272010512484,0.04540023894862605,0.0455607476635514,0.036458333333333336,0.046235138705416116
hsa64805,0.05135520684736091,0.04336734693877551,0.03585147247119078,0.04419889502762431,0.03741007194244604,0.0472636815920398,0.025766871165644172,0.03195739014647137,1,0.05555555555555555,0.037604456824512536,0.03759398496240601,0.03482587064676617,0.03556034482758621,0.03427172582619339,0.029885057471264367,0.034869240348692404,0.03426395939086294,0.0436046511627907,0.031081081081081083,0.020114942528735632,0.04066265060240964,0.04,0.028963414634146343,0.037037037037037035,0.041212121212121214,0.03708791208791209,0.03926096997690531,0.03736263736263736,0.05011655011655012,0.028150134048257374,0.03803680981595092,0.042027194066749075,0.030303030303030304,0.03875,0.03302509907529723,0.02894736842105263,0.034340659340659344,0.03076923076923077,0.044096728307254626,0.03835227272727273,0.03540903540903541,0.03768844221105527,0.03884892086330935,0.03984575835475578,0.04773561811505508,0.04217687074829932,0.04065040650406504,0.044444444444444446,0.048458149779735685,0.03873744619799139,0.028358208955223882,0.04878048780487805,0.04888888888888889,0.03188405797101449,0.027298850574712645,0.04678362573099415,0.04945054945054945,0.03429355281207133,0.03536067892503536,0.05379310344827586,0.05865102639296188,0.05649717514124294,0.029535864978902954,0.039160839160839164,0.041251778093883355,0.03453453453453453,0.03089887640449438,0.09023668639053255,0.023943661971830985,0.038511749347258484,0.045454545454545456,0.043549712407559574,0.044,0.03483870967741935,0.04279835390946502,0.04229848363926576,0.048154093097913325,0.048259493670886076,0.043137254901960784,0.03461538461538462,0.03835978835978836,0.02538787023977433,0.03540903540903541,0.052941176470588235,0.03609625668449198,0.035326086956521736,0.026455026455026454,0.038461538461538464,0.036337209302325583,0.04782608695652174,0.050913838120104436,0.04331210191082802,0.04878048780487805,0.03206997084548105
hsa1814,0.04216073781291173,0.08788598574821853,0.1573301549463647,0.058823529411764705,0.033200531208499334,0.07192575406032482,0.06872852233676977,0.06180469715698393,0.05555555555555555,1,0.04896907216494845,0.05023364485981308,0.042923433874709975,0.04766734279918864,0.056,0.05064655172413793,0.06039488966318235,0.05673758865248227,0.05361930294906166,0.043859649122807015,0.05968169761273209,0.054016620498614956,0.04826732673267327,0.05322128851540616,0.054696789536266346,0.05096262740656852,0.05979643765903308,0.050110537951363304,0.07644628099173553,0.07205240174672489,0.07960199004975124,0.06300114547537228,0.06920415224913495,0.06377551020408163,0.08041958041958042,0.07730061349693251,0.0550122249388753,0.06743002544529263,0.07115135834411385,0.07490144546649145,0.05643044619422572,0.05701254275940707,0.06323185011709602,0.05843293492695883,0.0645933014354067,0.061714285714285715,0.07187894073139975,0.052763819095477386,0.055299539170506916,0.05412719891745602,0.045033112582781455,0.050824175824175824,0.046357615894039736,0.05320600272851296,0.05614973262032086,0.04509283819628647,0.0444743935309973,0.047073791348600506,0.048284625158831,0.04967320261437908,0.04086845466155811,0.0445945945945946,0.05352480417754569,0.044213263979193757,0.056921086675291076,0.04862023653088042,0.04696132596685083,0.048051948051948054,0.031335149863760216,0.052083333333333336,0.052830188679245285,0.044952681388012616,0.05019607843137255,0.046636085626911315,0.0472636815920398,0.05106048703849175,0.04271548436308162,0.049079754601226995,0.05068078668683813,0.04495747266099635,0.06682577565632458,0.045454545454545456,0.048239895697522815,0.04561003420752566,0.03929539295392954,0.060794044665012405,0.06297229219143577,0.05773955773955774,0.05526315789473684,0.04423592493297587,0.0427807486631016,0.05339805825242718,0.05812574139976275,0.051655629139072845,0.041666666666666664
hsa4986,0.04871447902571042,0.05596107055961071,0.05128205128205128,0.05380577427821522,0.0286493860845839,0.048693586698337295,0.05158264947245018,0.03802281368821293,0.037604456824512536,0.04896907216494845,1,0.03349282296650718,0.04631828978622328,0.045548654244306416,0.044444444444444446,0.04515418502202643,0.054696789536266346,0.04600484261501211,0.049586776859504134,0.037275064267352186,0.04087193460490463,0.042735042735042736,0.03934010152284264,0.05763688760806916,0.04141291108404385,0.046349942062572425,0.05352480417754569,0.05235602094240838,0.05590717299578059,0.056919642857142856,0.05612244897959184,0.0492379835873388,0.04604486422668241,0.04450261780104712,0.04892601431980907,0.05911949685534591,0.045112781954887216,0.05483028720626632,0.04249667994687915,0.033738191632928474,0.04716981132075472,0.046674445740956826,0.047961630695443645,0.045020463847203276,0.056372549019607844,0.0456140350877193,0.047865459249676584,0.19201030927835053,0.04245283018867924,0.04033379694019471,0.029931972789115645,0.04096045197740113,0.06938775510204082,0.04207573632538569,0.04395604395604396,0.04904632152588556,0.055401662049861494,0.0391644908616188,0.07431551499348109,0.05503355704697987,0.05504587155963303,0.06805555555555555,0.06836461126005362,0.05740987983978638,0.0451527224435591,0.04048582995951417,0.048295454545454544,0.030666666666666665,0.03081232492997199,0.1804812834224599,0.055414012738853505,0.05368589743589743,0.050199203187251,0.04736024844720497,0.052267002518891686,0.04628890662410216,0.047250193648334625,0.0397196261682243,0.04608294930875576,0.052303860523038606,0.04645476772616137,0.05037783375314862,0.049531459170013385,0.051341890315052506,0.04317548746518106,0.039440203562340966,0.04392764857881137,0.061712846347607056,0.05540540540540541,0.0440771349862259,0.04395604395604396,0.03109452736318408,0.04374240583232078,0.034013605442176874,0.04558011049723757
hsa1128,0.030525030525030524,0.052106430155210645,0.03781979977753059,0.055819477434679333,0.05043050430504305,0.049891540130151846,0.04930332261521972,0.04027617951668585,0.03759398496240601,0.05023364485981308,0.03349282296650718,1,0.12472885032537961,0.16347992351816443,0.14010695187165775,0.1659919028340081,0.05971769815418024,0.056291390728476824,0.05334987593052109,0.05827505827505827,0.05405405405405406,0.04092071611253197,0.04838709677419355,0.04263565891472868,0.06437291897891231,0.05408271474019088,0.04491725768321513,0.056457304163726185,0.0651750972762646,0.05430327868852459,0.06481481481481481,0.04501607717041801,0.032362459546925564,0.0462085308056872,0.05228758169934641,0.064,0.05466970387243736,0.057919621749408984,0.04561824729891957,0.04628501827040195,0.046228710462287104,0.052294557097118465,0.04157549234135667,0.06396063960639606,0.056919642857142856,0.04171122994652406,0.041031652989449004,0.0455607476635514,0.05172413793103448,0.058823529411764705,0.03680981595092025,0.044416243654822336,0.044171779141104296,0.04287515762925599,0.06064356435643564,0.06511056511056511,0.028678304239401497,0.04964539007092199,0.05785123966942149,0.02909090909090909,0.03202846975088968,0.03625,0.03268765133171913,0.03618817852834741,0.057623049219687875,0.04506699147381242,0.04336734693877551,0.04578313253012048,0.036523929471032744,0.042270531400966184,0.06787878787878789,0.05421686746987952,0.04868913857677903,0.06505847953216375,0.05995203836930456,0.060765191297824456,0.0525164113785558,0.05278592375366569,0.05137481910274964,0.039637599093997736,0.060133630289532294,0.05148741418764302,0.05804111245465538,0.04909284951974386,0.03634085213032581,0.06004618937644342,0.0585480093676815,0.05377574370709382,0.03780487804878049,0.03722084367245657,0.039603960396039604,0.05203619909502263,0.059800664451827246,0.053987730061349694,0.03980099502487562
hsa1129,0.044848484848484846,0.046255506607929514,0.041988950276243095,0.041273584905660375,0.042735042735042736,0.05495689655172414,0.038338658146964855,0.04,0.03482587064676617,0.042923433874709975,0.04631828978622328,0.12472885032537961,1,0.1311787072243346,0.20085015940488843,0.11770623742454728,0.05393743257820928,0.0537280701754386,0.0480295566502463,0.034722222222222224,0.042682926829268296,0.048223350253807105,0.034324942791762014,0.04358974358974359,0.04299889746416759,0.05374077976817703,0.04929577464788732,0.04356992269852424,0.06382978723404255,0.06415478615071284,0.05057471264367816,0.04579339723109691,0.04930332261521972,0.04470588235294118,0.044372294372294376,0.04880817253121453,0.04524886877828054,0.04929577464788732,0.04529201430274136,0.045949214026602174,0.05314009661835749,0.04984093319194061,0.05326086956521739,0.05616605616605617,0.041019955654102,0.04675876726886291,0.04074505238649592,0.04408352668213457,0.04925053533190578,0.040993788819875775,0.047503045066991476,0.05037783375314862,0.047503045066991476,0.03254067584480601,0.038083538083538086,0.03780487804878049,0.034653465346534656,0.03169014084507042,0.04337631887456037,0.049338146811071,0.043580683156654886,0.038461538461538464,0.038461538461538464,0.04311377245508982,0.041716328963051254,0.037484885126964934,0.0379746835443038,0.034688995215311005,0.04875,0.046762589928057555,0.05314009661835749,0.053973013493253376,0.05219985085756898,0.049490538573508006,0.05854241338112306,0.043315907393577296,0.04429920116194626,0.040145985401459854,0.0446685878962536,0.049493813273340834,0.06084070796460177,0.06136363636363636,0.03961584633853541,0.04029692470837752,0.04477611940298507,0.040137614678899085,0.046511627906976744,0.053409090909090906,0.03389830508474576,0.03201970443349754,0.03931203931203931,0.038202247191011236,0.0374037403740374,0.04506699147381242,0.04197530864197531
hsa1131,0.0547945205479452,0.05232558139534884,0.05053449951409135,0.04526748971193416,0.044538706256627786,0.058935361216730035,0.05174035747883349,0.05205205205205205,0.03556034482758621,0.04766734279918864,0.045548654244306416,0.16347992351816443,0.1311787072243346,1,0.13427230046948357,0.17262969588550983,0.05994291151284491,0.052123552123552123,0.05128205128205128,0.04959514170040486,0.05508474576271186,0.04824561403508772,0.04809619238476954,0.04535398230088496,0.058195926285160036,0.05778191985088537,0.05737704918032787,0.055591467356173235,0.06649395509499137,0.06962025316455696,0.05331991951710262,0.05832549388523048,0.06054872280037843,0.05646817248459959,0.04389312977099236,0.04776119402985075,0.037698412698412696,0.04918032786885246,0.05711318795430945,0.050473186119873815,0.06302521008403361,0.05154639175257732,0.05651340996168582,0.04878048780487805,0.05360623781676413,0.06291079812206572,0.059003051881993895,0.060851926977687626,0.05671077504725898,0.04413347685683531,0.04656084656084656,0.0457516339869281,0.056084656084656084,0.03791982665222102,0.05223880597014925,0.05084745762711865,0.03648068669527897,0.05122950819672131,0.05322415557830092,0.04607329842931937,0.05549845837615622,0.046236559139784944,0.053347280334728034,0.053180396246089674,0.04153686396677051,0.03890641430073607,0.04048140043763676,0.05,0.045454545454545456,0.05219206680584551,0.07247191011235955,0.05829903978052126,0.0621160409556314,0.06475300400534045,0.07063403781979978,0.06151742993848257,0.06129247168554297,0.06626506024096386,0.0701058201058201,0.049358341559723594,0.04961089494163424,0.05179282868525897,0.051201671891327065,0.05435801312089972,0.03771551724137931,0.055220883534136546,0.05894308943089431,0.05179282868525897,0.049473684210526316,0.04487179487179487,0.05970149253731343,0.05917159763313609,0.04259438528557599,0.044444444444444446,0.042826552462526764
hsa1132,0.027446300715990454,0.053203040173724216,0.0457516339869281,0.05574912891986063,0.039663461538461536,0.057385759829968117,0.05042016806722689,0.0472972972972973,0.03427172582619339,0.056,0.044444444444444446,0.14010695187165775,0.20085015940488843,0.13427230046948357,1,0.12313803376365443,0.05851063829787234,0.04756756756756757,0.05454545454545454,0.05815279361459521,0.05042016806722689,0.0449438202247191,0.040586245772266064,0.04287515762925599,0.06304347826086956,0.058212058212058215,0.047398843930635835,0.055710306406685235,0.06208213944603629,0.061306532663316586,0.06908267270668177,0.0546218487394958,0.0507399577167019,0.04866743916570104,0.04909284951974386,0.06040268456375839,0.05239687848383501,0.07167630057803469,0.06455399061032864,0.058333333333333334,0.052318668252080855,0.051255230125523014,0.04823151125401929,0.04927884615384615,0.04918032786885246,0.059748427672955975,0.045871559633027525,0.046857142857142854,0.0454065469904963,0.05378973105134474,0.047961630695443645,0.05328376703841388,0.039568345323741004,0.04187192118226601,0.06287787182587666,0.056422569027611044,0.031668696711327646,0.047398843930635835,0.042725173210161664,0.041469194312796206,0.03596287703016241,0.03785103785103785,0.033136094674556214,0.03773584905660377,0.0528169014084507,0.04285714285714286,0.038605230386052306,0.0447585394581861,0.04059040590405904,0.06139315230224321,0.05991611743559017,0.054194506310319225,0.04283604135893648,0.05695746214852199,0.05690574985180794,0.04955621301775148,0.04964028776978417,0.046999276934201015,0.06067094932191292,0.04767184035476718,0.05561613958560523,0.055991041433370664,0.04491725768321513,0.049163179916317995,0.03427172582619339,0.04858757062146893,0.05154639175257732,0.03807390817469205,0.052443384982121574,0.03878787878787879,0.04353083434099154,0.05094130675526024,0.04013015184381779,0.05275779376498801,0.04374240583232078
hsa1133,0.030303030303030304,0.061601642710472276,0.04325437693099897,0.05579868708971553,0.0384180790960452,0.05533199195171026,0.042786069651741296,0.04357066950053135,0.029885057471264367,0.05064655172413793,0.04515418502202643,0.1659919028340081,0.11770623742454728,0.17262969588550983,0.12313803376365443,1,0.050352467270896276,0.050102249488752554,0.05353075170842825,0.043010752688172046,0.04740406320541761,0.040983606557377046,0.043617021276595745,0.05555555555555555,0.0421377183967112,0.06305418719211822,0.05010893246187364,0.05977165883143049,0.06636363636363636,0.060114503816793896,0.05235042735042735,0.05472636815920398,0.044044044044044044,0.05349344978165939,0.052525252525252523,0.05385427666314678,0.05578947368421053,0.06100217864923747,0.05856353591160221,0.054871220604703244,0.06823266219239374,0.044598612487611496,0.05070993914807302,0.04632768361581921,0.04648760330578512,0.05958291956305859,0.05081081081081081,0.04956896551724138,0.061,0.03673938002296211,0.043968432919954906,0.05,0.036076662908680945,0.035838150289017344,0.05795454545454545,0.040632054176072234,0.03775743707093822,0.04030501089324619,0.05223068552774755,0.03901895206243032,0.03169398907103825,0.03555045871559633,0.04120267260579064,0.04328523862375139,0.05082872928176796,0.05263157894736842,0.04439252336448598,0.03547671840354767,0.04041570438799076,0.04777777777777778,0.06039488966318235,0.05857142857142857,0.053304904051172705,0.05555555555555555,0.06091954022988506,0.0597864768683274,0.05336105336105336,0.060584958217270196,0.05295735900962861,0.039790575916230364,0.04742268041237113,0.056025369978858354,0.047830923248053395,0.04558969276511397,0.03103448275862069,0.04797441364605544,0.056155507559395246,0.05391120507399577,0.04820627802690583,0.04441913439635535,0.04772727272727273,0.05543933054393305,0.050256410256410255,0.040586245772266064,0.03767123287671233
hsa150,0.024271844660194174,0.05622932745314223,0.06084070796460177,0.05194805194805195,0.03667481662591687,0.061488673139158574,0.07356076759061833,0.04805491990846682,0.034869240348692404,0.06039488966318235,0.054696789536266346,0.05971769815418024,0.05393743257820928,0.05994291151284491,0.05851063829787234,0.050352467270896276,1,0.1602634467618002,0.03822441430332922,0.055619930475086905,0.05372405372405373,0.05717916137229987,0.05154639175257732,0.0410783055198973,0.06070640176600441,0.03691983122362869,0.04700352526439483,0.05977496483825598,0.06873184898354308,0.0672782874617737,0.06559263521288838,0.06183368869936034,0.05793991416309013,0.045936395759717315,0.18309859154929578,0.07613636363636364,0.06795016987542468,0.05170387779083431,0.06443914081145585,0.04721549636803874,0.049576783555018135,0.050955414012738856,0.05767138193688792,0.05134474327628362,0.06548279689234185,0.05106382978723404,0.06060606060606061,0.04529616724738676,0.03215434083601286,0.036069651741293535,0.036585365853658534,0.04791929382093316,0.046341463414634146,0.03258145363408521,0.055350553505535055,0.054945054945054944,0.02973977695167286,0.04935370152761457,0.051643192488262914,0.04939759036144578,0.0294811320754717,0.031055900621118012,0.03489771359807461,0.03717026378896882,0.045346062052505964,0.06174334140435835,0.050697084917617236,0.0407185628742515,0.03504380475594493,0.07202881152460984,0.04652567975830816,0.05401350337584396,0.04328358208955224,0.05316824471959213,0.05319784817692767,0.05829596412556054,0.042877906976744186,0.04309715120525932,0.0410958904109589,0.041666666666666664,0.05204872646733112,0.051194539249146756,0.06490384615384616,0.050955414012738856,0.043586550435865505,0.05970149253731343,0.051222351571594875,0.053469852104664393,0.06545454545454546,0.04562268803945746,0.03567035670356704,0.04611923509561305,0.042951541850220265,0.0475609756097561,0.042027194066749075
hsa151,0.03584672435105068,0.0515695067264574,0.0562429696287964,0.055288461538461536,0.0460772104607721,0.0581140350877193,0.06500541711809317,0.047729918509895226,0.03426395939086294,0.05673758865248227,0.04600484261501211,0.056291390728476824,0.0537280701754386,0.052123552123552123,0.04756756756756757,0.050102249488752554,0.1602634467618002,1,0.04648241206030151,0.0660377358490566,0.06592039800995025,0.054404145077720206,0.053613053613053616,0.04057591623036649,0.06172839506172839,0.03644158628081458,0.05502392344497608,0.05685856432125089,0.05992141453831041,0.07453416149068323,0.07611241217798595,0.05200433369447454,0.06543075245365322,0.0539568345323741,0.1762114537444934,0.07052023121387284,0.08640552995391705,0.05861244019138756,0.06561360874848117,0.051787916152897656,0.06773399014778325,0.06040992448759439,0.05420353982300885,0.06724782067247821,0.07900677200902935,0.04864864864864865,0.0498220640569395,0.03546099290780142,0.03594771241830065,0.05449936628643853,0.040993788819875775,0.060411311053984576,0.049689440993788817,0.031928480204342274,0.05764411027568922,0.04975124378109453,0.041666666666666664,0.0645933014354067,0.04659498207885305,0.04049079754601227,0.03841536614645858,0.026582278481012658,0.03553921568627451,0.050061050061050064,0.0425273390036452,0.05425400739827373,0.05297157622739018,0.06585365853658537,0.029336734693877552,0.05745721271393643,0.05548780487804878,0.06525037936267071,0.05358490566037736,0.05375552282768778,0.047044632086851626,0.055933484504913075,0.04922850844966936,0.047267355982274745,0.043002915451895045,0.037800687285223365,0.04617117117117117,0.046296296296296294,0.0587515299877601,0.06256742179072276,0.03299492385786802,0.0514018691588785,0.04976303317535545,0.05787037037037037,0.04814814814814815,0.05150753768844221,0.043859649122807015,0.05148741418764302,0.05039193729003359,0.05714285714285714,0.031486146095717885
hsa3577,0.0380818053596615,0.056818181818181816,0.043092522179974654,0.04234972677595628,0.06116642958748222,0.05172413793103448,0.05953827460510328,0.05533596837944664,0.0436046511627907,0.05361930294906166,0.049586776859504134,0.05334987593052109,0.0480295566502463,0.05128205128205128,0.05454545454545454,0.05353075170842825,0.03822441430332922,0.04648241206030151,1,0.0481283422459893,0.061079545454545456,0.0625,0.05013192612137203,0.06927710843373494,0.03666245259165613,0.03361344537815126,0.050271739130434784,0.035960214231063506,0.05337690631808279,0.06928406466512702,0.058355437665782495,0.03766707168894289,0.051407588739290085,0.047683923705722074,0.04579207920792079,0.04967320261437908,0.0546875,0.05298913043478261,0.059474412171507604,0.0450070323488045,0.05056179775280899,0.05078597339782346,0.041044776119402986,0.04551920341394026,0.05725190839694656,0.05090909090909091,0.03633916554508748,0.05093833780160858,0.05623471882640587,0.04354136429608128,0.05390070921985816,0.05309734513274336,0.075177304964539,0.05710102489019034,0.06446991404011461,0.05823863636363636,0.059248554913294796,0.043478260869565216,0.051560379918588875,0.06573426573426573,0.03819918144611187,0.0463768115942029,0.05865921787709497,0.05285118219749652,0.051175656984785614,0.053445850914205346,0.04599406528189911,0.041666666666666664,0.039473684210526314,0.05153203342618384,0.04220779220779221,0.04351395730706076,0.04897959183673469,0.046104928457869634,0.037869062901155326,0.03679476696647588,0.045995241871530534,0.03987240829346093,0.049528301886792456,0.054333764553686936,0.050761421319796954,0.04319371727748691,0.05578800557880056,0.037484885126964934,0.0377906976744186,0.062169312169312166,0.05241935483870968,0.06544502617801047,0.06056338028169014,0.05316091954022988,0.0830945558739255,0.05813953488372093,0.058007566204287514,0.04964539007092199,0.05043227665706052
hsa5731,0.03810775295663601,0.041469194312796206,0.05112960760998811,0.10331632653061225,0.04105960264900662,0.04861111111111111,0.07314285714285715,0.040690505548705305,0.031081081081081083,0.043859649122807015,0.037275064267352186,0.05827505827505827,0.034722222222222224,0.04959514170040486,0.05815279361459521,0.043010752688172046,0.055619930475086905,0.0660377358490566,0.0481283422459893,1,0.08333333333333333,0.05662983425414365,0.0691358024691358,0.04748603351955307,0.0771055753262159,0.02824858757062147,0.044416243654822336,0.054451802796173655,0.08762886597938144,0.0664488017429194,0.08933002481389578,0.05142857142857143,0.039125431530494824,0.031806615776081425,0.08837209302325581,0.09424724602203183,0.05365853658536585,0.04187817258883249,0.04129032258064516,0.03669724770642202,0.03926701570680628,0.04550625711035267,0.037383177570093455,0.046357615894039736,0.09427207637231504,0.04789053591790194,0.04150943396226415,0.03508771929824561,0.047126436781609195,0.10931174089068826,0.08982826948480846,0.056164383561643834,0.047556142668428,0.029931972789115645,0.09066666666666667,0.10582010582010581,0.036290322580645164,0.09390862944162437,0.036755386565272496,0.035202086049543675,0.03949044585987261,0.029649595687331536,0.03125,0.04798962386511025,0.06838709677419355,0.0655307994757536,0.0674931129476584,0.07901554404145078,0.035326086956521736,0.06753246753246753,0.05464824120603015,0.08661417322834646,0.04698512137823023,0.059541984732824425,0.055900621118012424,0.08,0.04950495049504951,0.0444104134762634,0.03700906344410876,0.03515151515151515,0.047619047619047616,0.0392156862745098,0.0754226267880364,0.06939704209328783,0.02837837837837838,0.08168316831683169,0.038944723618090454,0.07965686274509803,0.08267716535433071,0.0481283422459893,0.04,0.05569007263922518,0.07337278106508875,0.07661822985468957,0.04289544235924933
