,hsa338442,hsa1812,hsa1813,hsa5739,hsa9052,hsa148,hsa153,hsa154,hsa64805,hsa1814,hsa4986,hsa1128,hsa1129,hsa1131,hsa1132,hsa1133,hsa150,hsa151,hsa3577,hsa5731,hsa5732,hsa134,hsa135,hsa140,hsa11255,hsa3269,hsa59340,hsa2550,hsa146,hsa147,hsa155,hsa1816,hsa3356,hsa3360,hsa152,hsa1815,hsa3350,hsa3351,hsa3352,hsa3354,hsa3355,hsa3357,hsa3358,hsa3361,hsa3362,hsa3363,hsa3274,hsa4988,hsa1268,hsa6915,hsa5737,hsa136,hsa185,hsa10800,hsa1241,hsa56413,hsa57105,hsa5733,hsa6751,hsa6752,hsa8843,hsa10161,hsa2846,hsa5028,hsa5029,hsa5030,hsa5031,hsa5032,hsa9934,hsa4985,hsa2911,hsa2912,hsa2913,hsa2914,hsa2915,hsa2916,hsa2917,hsa2918,hsa222545,hsa1909,hsa1910,hsa552,hsa554,hsa9283,hsa5724,hsa23620,hsa7201,hsa6753,hsa6755,hsa4543,hsa1234,hsa886,hsa887,hsa5729,hsa6010
hsa338442,1,0.24411400247831475,0.24004975124378108,0.23293172690763053,0.2618384401114206,0.24909310761789602,0.220763723150358,0.2454780361757106,0.25604551920341395,0.23127463863337713,0.26045883940620784,0.2289890377588307,0.2430471584038694,0.23449001051524712,0.24166666666666667,0.23068309070548712,0.23002421307506055,0.22318125770653513,0.24753867791842477,0.1913499344692005,0.23783031988873435,0.2445414847161572,0.24967658473479948,0.23858615611192932,0.23200992555831265,0.2429245283018868,0.24500665778961384,0.22465960665658094,0.22615219721329047,0.24404086265607264,0.2093628088426528,0.2386634844868735,0.23557692307692307,0.2643524699599466,0.2077764277035237,0.2012820512820513,0.25798212005108556,0.2197070572569907,0.2222222222222222,0.2465564738292011,0.2407152682255846,0.24584323040380046,0.23076923076923078,0.2395543175487465,0.2222222222222222,0.25476190476190474,0.2532981530343008,0.2588699080157687,0.2533013205282113,0.22727272727272727,0.2388888888888889,0.25252525252525254,0.27361111111111114,0.24068767908309455,0.22580645161290322,0.21001390820584145,0.26449787835926447,0.2436750998668442,0.23803191489361702,0.2602739726027397,0.43983957219251335,0.23829787234042554,0.24350205198358413,0.25340599455040874,0.22493224932249323,0.23002754820936638,0.23802612481857766,0.23945578231292516,0.24034334763948498,0.23601637107776263,0.19935691318327975,0.21248986212489862,0.22419354838709676,0.23095051060487037,0.1958041958041958,0.22213247172859452,0.22570532915360503,0.2198581560283688,0.2191142191142191,0.25888324873096447,0.24283935242839352,0.24646983311938384,0.22404371584699453,0.2339667458432304,0.24893314366998578,0.23216601815823606,0.24242424242424243,0.23491655969191272,0.22482758620689655,0.2545710267229255,0.24684431977559607,0.2458808618504436,0.23267326732673269,0.24305555555555555,0.22849083215796898
hsa1812,0.24411400247831475,1,0.29312288613303267,0.25662650602409637,0.2484394506866417,0.2802197802197802,0.24429967426710097,0.2718786464410735,0.2506361323155216,0.2713270142180095,0.2803398058252427,0.27101769911504425,0.2813186813186813,0.281431334622824,0.28060671722643554,0.2848360655737705,0.26732673267326734,0.2595078299776286,0.2506297229219144,0.19621749408983452,0.24688279301745636,0.2597402597402597,0.25934579439252337,0.23622047244094488,0.28008998875140606,0.2653061224489796,0.28896882494004794,0.2398576512455516,0.2637795275590551,0.2894190871369295,0.2300469483568075,0.3246471226927253,0.2797814207650273,0.28966346153846156,0.24282560706401765,0.2190034762456547,0.2806004618937644,0.2793764988009592,0.27161997563946405,0.27564894932014833,0.2716049382716049,0.2681081081081081,0.27161862527716185,0.2671660424469413,0.24547511312217193,0.2914409534127844,0.2806183115338882,0.26895734597156395,0.27074235807860264,0.24650571791613723,0.25404732254047324,0.25773195876288657,0.2640099626400996,0.2407170294494238,0.23869346733668342,0.21072319201995013,0.2582278481012658,0.2673860911270983,0.27904191616766466,0.2693726937269373,0.2563176895306859,0.2626903553299492,0.2714987714987715,0.2423500611995104,0.23264311814859928,0.23856613102595797,0.22409326424870465,0.24205378973105135,0.24040920716112532,0.2536764705882353,0.23382173382173382,0.25759878419452886,0.2637944066515495,0.25,0.23309178743961353,0.2543527630582892,0.257542310522443,0.25443786982248523,0.2489051094890511,0.2629161882893226,0.255079006772009,0.26450116009280744,0.2282208588957055,0.2572972972972973,0.23918575063613232,0.2540983606557377,0.2684085510688836,0.2494199535962877,0.23143564356435645,0.2455919395465995,0.24246231155778894,0.27293577981651373,0.24130190796857465,0.2465753424657534,0.2474747474747475
hsa1813,0.24004975124378108,0.29312288613303267,1,0.21523579201934703,0.24561403508771928,0.278941565600882,0.25163398692810457,0.27400468384074944,0.23499361430395913,0.3103448275862069,0.27161997563946405,0.2586015538290788,0.26460859977949286,0.2696411251212415,0.28152173913043477,0.2816032887975334,0.2737306843267108,0.2671156004489338,0.25663716814159293,0.21352313167259787,0.23404255319148937,0.2542372881355932,0.2637749120750293,0.25559947299077734,0.27313769751693,0.27801724137931033,0.273164861612515,0.25463623395149787,0.2596248766041461,0.2861602497398543,0.23439340400471143,0.2701525054466231,0.2675438596491228,0.2798552472858866,0.2502768549280177,0.2313953488372093,0.2665121668597914,0.28399518652226236,0.2775061124694376,0.27667493796526055,0.2812887236679058,0.27114967462039047,0.26807563959955505,0.2669172932330827,0.2304199772985244,0.29130434782608694,0.28162291169451076,0.2925089179548157,0.2683461117196057,0.22831632653061223,0.235,0.24320827943078913,0.2825,0.2442159383033419,0.23959646910466584,0.21401752190237797,0.27064803049555275,0.2695547533092659,0.2548076923076923,0.25925925925925924,0.2560386473429952,0.2611464968152866,0.25400739827373614,0.2542997542997543,0.2237163814180929,0.23573200992555832,0.235370611183355,0.2343558282208589,0.26187419768934533,0.27183271832718325,0.21712538226299694,0.24371667936024372,0.2606060606060606,0.25055432372505543,0.2220205686630369,0.24203338391502277,0.2603244837758112,0.25277983691623424,0.24945135332845647,0.2684331797235023,0.2695356738391846,0.25378346915017463,0.23399014778325122,0.25379609544468545,0.2567049808429119,0.2502937720329025,0.2860548271752086,0.2561117578579744,0.24596273291925466,0.24778761061946902,0.2597730138713745,0.2727272727272727,0.25563063063063063,0.24375,0.2522179974651457
hsa5739,0.23293172690763053,0.25662650602409637,0.21523579201934703,1,0.2483130904183536,0.2611764705882353,0.27177700348432055,0.24466750313676286,0.209366391184573,0.25255102040816324,0.23821989528795812,0.26540284360189575,0.22,0.2351129363449692,0.2549246813441483,0.24890829694323144,0.25677267373380447,0.24700239808153476,0.2356948228882834,0.27353689567430023,0.2857142857142857,0.24366197183098592,0.2550251256281407,0.21082621082621084,0.2677925211097708,0.23765786452353616,0.2467700258397933,0.23345724907063198,0.2834728033472803,0.26991150442477874,0.2840909090909091,0.2601626016260163,0.23391812865497075,0.25,0.25886524822695034,0.2640099626400996,0.2456575682382134,0.23126614987080105,0.23127463863337713,0.22429906542056074,0.22266666666666668,0.22427745664739884,0.22327790973871733,0.242914979757085,0.28640776699029125,0.23870220162224798,0.2535211267605634,0.24362244897959184,0.2523364485981308,0.28473177441540576,0.23418573351278602,0.24441340782122906,0.21534320323014805,0.19972260748959778,0.27717391304347827,0.2722371967654987,0.21780821917808219,0.27002583979328165,0.24903225806451612,0.22576361221779548,0.22697795071335927,0.18818681318681318,0.21485411140583555,0.23645970937912814,0.2812089356110381,0.2683578104138852,0.2598314606741573,0.2862796833773087,0.20221606648199447,0.26587301587301587,0.20532319391634982,0.25636942675159236,0.22486144101346,0.2337962962962963,0.21052631578947367,0.24107850911974624,0.22170900692840648,0.21284829721362228,0.21755725190839695,0.22564734895191121,0.22760290556900725,0.24812967581047382,0.2913907284768212,0.2809248554913295,0.22176308539944903,0.27581863979848864,0.21994884910485935,0.26059850374064836,0.2647058823529412,0.23160762942779292,0.22418478260869565,0.24753694581280788,0.2719614921780987,0.2691790040376851,0.23633879781420766
hsa9052,0.2618384401114206,0.2484394506866417,0.24561403508771928,0.2483130904183536,1,0.2545676004872107,0.23197115384615385,0.2565104166666667,0.24533715925394547,0.25298013245033113,0.24489795918367346,0.24785276073619633,0.23995127892813642,0.24126984126984127,0.2529976019184652,0.2502818489289741,0.22926829268292684,0.2422360248447205,0.26099290780141843,0.20871862615587847,0.2482468443197756,0.2511013215859031,0.23728813559322035,0.24665676077265974,0.24875,0.2517814726840855,0.2536912751677852,0.23100303951367782,0.22761596548004315,0.25485714285714284,0.21363040629095675,0.24759615384615385,0.25181598062953997,0.2651413189771198,0.23133414932680538,0.2131782945736434,0.25096525096525096,0.24697986577181208,0.24043715846994534,0.23055555555555557,0.231622746185853,0.2679425837320574,0.23616236162361623,0.2612359550561798,0.24276729559748428,0.24940047961630696,0.25398936170212766,0.25165562913907286,0.2587666263603386,0.25501432664756446,0.24929971988795518,0.26055312954876275,0.2605042016806723,0.2398843930635838,0.24611032531824611,0.2370266479663394,0.25392296718972895,0.24966442953020135,0.2453083109919571,0.25,0.2560646900269542,0.22746781115879827,0.2413793103448276,0.25,0.2390710382513661,0.2513888888888889,0.23572474377745242,0.24554183813443073,0.23953823953823955,0.23658872077028886,0.2065848934796643,0.23227383863080683,0.2366288492706645,0.23441199684293607,0.19719208679004468,0.2297077922077922,0.22677165354330708,0.22723673792557403,0.22092115534738485,0.25191815856777494,0.24843161856963614,0.2522639068564036,0.2534435261707989,0.2595693779904306,0.25107604017216645,0.24836601307189543,0.27091633466135456,0.24838292367399742,0.2364394993045897,0.24822695035460993,0.2362093352192362,0.2707535121328225,0.24064837905236908,0.23669467787114845,0.24466571834992887
hsa148,0.24909310761789602,0.2802197802197802,0.278941565600882,0.2611764705882353,0.2545676004872107,1,0.26461211477151964,0.2725199543899658,0.24813895781637718,0.27546296296296297,0.26540284360189575,0.2683982683982684,0.2763440860215054,0.286527514231499,0.2757158006362672,0.2901606425702811,0.27341227125941875,0.2636761487964989,0.2542997542997543,0.21709006928406466,0.25060827250608275,0.26329113924050634,0.2568493150684932,0.24168797953964194,0.2607260726072607,0.29547844374342797,0.28688524590163933,0.25684210526315787,0.28185328185328185,0.3119918699186992,0.23853211009174313,0.2773645058448459,0.2877005347593583,0.2887323943661972,0.26457883369330454,0.2276330690826727,0.28893905191873587,0.27985948477751754,0.26634958382877527,0.2750301568154403,0.27951807228915665,0.2708994708994709,0.27331887201735355,0.2850182704019488,0.2555309734513274,0.27783669141039236,0.2868757259001161,0.2777777777777778,0.2863247863247863,0.24783147459727387,0.2648845686512758,0.2537688442211055,0.26366950182260024,0.2596754057428215,0.24632352941176472,0.22627737226277372,0.26049382716049385,0.25526932084309134,0.26783625730994154,0.25930372148859543,0.2596944770857814,0.25,0.2434052757793765,0.2640382317801673,0.26397146254458975,0.255729794933655,0.22853535353535354,0.25178997613365156,0.25561097256857856,0.2727272727272727,0.23401688781664656,0.26497005988023953,0.27252419955323903,0.26598837209302323,0.2398568019093079,0.2550335570469799,0.2625090645395214,0.260932944606414,0.2517985611510791,0.27946127946127947,0.2704194260485651,0.2585034013605442,0.24311377245508983,0.291005291005291,0.24193548387096775,0.2643020594965675,0.2691415313225058,0.2800453514739229,0.25120772946859904,0.26044226044226043,0.25245098039215685,0.2589686098654709,0.26344676180021953,0.23207776427703525,0.2376847290640394
hsa153,0.220763723150358,0.24429967426710097,0.25163398692810457,0.27177700348432055,0.23197115384615385,0.26461211477151964,1,0.2635135135135135,0.200734394124847,0.2537142857142857,0.24444444444444444,0.2631016042780749,0.2252922422954304,0.24976525821596243,0.2672955974842767,0.25819265143992054,0.2776595744680851,0.27135135135135136,0.23636363636363636,0.2588369441277081,0.24729891956782712,0.2421972534332085,0.2502818489289741,0.20933165195460277,0.2826086956521739,0.23076923076923078,0.24161849710982658,0.24094707520891365,0.2903533906399236,0.27537688442211056,0.3272933182332956,0.2710084033613445,0.24207188160676532,0.25608342989571264,0.29242262540021347,0.29082774049217003,0.2697881828316611,0.24624277456647398,0.24530516431924881,0.21785714285714286,0.22235434007134364,0.24686192468619247,0.2465166130760986,0.2608173076923077,0.2907103825136612,0.2578616352201258,0.24655963302752293,0.23542857142857143,0.23970432946145723,0.2530562347188264,0.21942446043165467,0.24907063197026022,0.2278177458033573,0.20689655172413793,0.2660217654171705,0.2605042016806723,0.22289890377588306,0.2543352601156069,0.25519630484988454,0.23222748815165878,0.22621809744779584,0.19291819291819293,0.22603550295857988,0.2429245283018868,0.25586854460093894,0.25833333333333336,0.24533001245330013,0.27208480565371024,0.2054120541205412,0.2857142857142857,0.2330736968244458,0.26948775055679286,0.2466765140324963,0.25378514780100936,0.23592175459395376,0.27071005917159763,0.24676258992805755,0.24222704266088213,0.21484653818700927,0.24168514412416853,0.25190839694656486,0.24412094064949608,0.2695035460992908,0.27405857740585776,0.2252141982864137,0.27796610169491526,0.23596792668957617,0.2721164613661814,0.2872467222884386,0.2412121212121212,0.218863361547763,0.23809523809523808,0.2787418655097614,0.2422062350119904,0.23693803159173754
hsa154,0.2454780361757106,0.2718786464410735,0.27400468384074944,0.24466750313676286,0.2565104166666667,0.2725199543899658,0.2635135135135135,1,0.249667994687915,0.2589395807644883,0.25916561314791403,0.24913892078071181,0.24629418472063855,0.2647352647352647,0.2606741573033708,0.2598091198303287,0.2545662100456621,0.24738675958188153,0.26544021024967146,0.1918819188191882,0.25227568270481143,0.2564450474898236,0.275820170109356,0.24554183813443073,0.24299065420560748,0.2505567928730512,0.2596754057428215,0.23542274052478135,0.2461851475076297,0.26745435016111707,0.24175824175824176,0.27815315315315314,0.272108843537415,0.28911138923654567,0.24284077892325315,0.2216867469879518,0.27490996398559425,0.264669163545568,0.24619289340101522,0.2603092783505155,0.24967824967824967,0.27802690582959644,0.2646720368239356,0.24869791666666666,0.2256169212690952,0.2662921348314607,0.25866336633663367,0.27373612823674476,0.2797281993204983,0.22546419098143236,0.2532467532467532,0.2503364737550471,0.2597402597402597,0.24197860962566844,0.23853211009174313,0.20806241872561768,0.2628797886393659,0.2534332084893883,0.2655860349127182,0.258974358974359,0.2543859649122807,0.23973509933774834,0.2535211267605634,0.24489795918367346,0.23477157360406092,0.23067010309278352,0.2259810554803789,0.23057324840764332,0.24699599465954605,0.25798212005108556,0.21744548286604362,0.23538581449727203,0.25503875968992246,0.24489795918367346,0.21318545902649413,0.23680124223602483,0.24509803921568626,0.24260803639120546,0.24083769633507854,0.28162291169451076,0.24970691676436108,0.2569360675512666,0.22634271099744246,0.2645739910313901,0.25232403718459495,0.24238733252131547,0.25710754017305315,0.24125452352231605,0.24,0.24310118265440211,0.2634338138925295,0.2634088200238379,0.24708624708624707,0.23896103896103896,0.2318840579710145
hsa64805,0.25604551920341395,0.2506361323155216,0.23499361430395913,0.209366391184573,0.24533715925394547,0.24813895781637718,0.200734394124847,0.249667994687915,1,0.22972972972972974,0.25,0.23375,0.24441687344913152,0.24731182795698925,0.23809523809523808,0.2408256880733945,0.22857142857142856,0.22278481012658227,0.23333333333333334,0.15498652291105122,0.2191977077363897,0.22822822822822822,0.22872340425531915,0.24164133738601823,0.2140127388535032,0.2430471584038694,0.2534246575342466,0.21521906225980014,0.20723684210526316,0.2302325581395349,0.18716577540106952,0.2460220318237454,0.24907521578298397,0.24587912087912087,0.20448877805486285,0.1857707509881423,0.23753280839895013,0.25205479452054796,0.2384937238493724,0.251063829787234,0.25920679886685555,0.23995127892813642,0.24436090225563908,0.23672883787661406,0.2205128205128205,0.2588522588522589,0.2537313432835821,0.26216216216216215,0.24630541871921183,0.20497803806734993,0.2317596566523605,0.24851190476190477,0.2703862660944206,0.24076809453471196,0.22687861271676302,0.1819484240687679,0.2653061224489796,0.21643835616438356,0.23392612859097128,0.2623413258110014,0.25722145804676755,0.26900584795321636,0.2647887323943662,0.23983169705469845,0.21896792189679218,0.2226950354609929,0.21107784431137724,0.1876750700280112,0.27728613569321536,0.22612359550561797,0.19295958279009126,0.2145214521452145,0.23379819524200163,0.22124600638977635,0.18685567010309279,0.21199671322925226,0.21912350597609562,0.2283653846153846,0.22511848341232227,0.25945241199478486,0.23273657289002558,0.23746701846965698,0.19971870604781997,0.22168087697929353,0.2595307917888563,0.22,0.24525745257452575,0.21372031662269128,0.22301136363636365,0.24492753623188407,0.25578034682080925,0.2578125,0.21473951715374842,0.22746781115879827,0.22674418604651161
hsa1814,0.23127463863337713,0.2713270142180095,0.3103448275862069,0.25255102040816324,0.25298013245033113,0.27546296296296297,0.2537142857142857,0.2589395807644883,0.22972972972972974,1,0.2634961439588689,0.24708624708624707,0.24421296296296297,0.24595141700404857,0.26225769669327254,0.25483870967741934,0.253765932792584,0.2783018867924528,0.24331550802139038,0.2125,0.2605820105820106,0.2472375690607735,0.26049382716049385,0.24720670391061453,0.25741399762752076,0.26440677966101694,0.2703045685279188,0.23841059602649006,0.26804123711340205,0.28649237472766886,0.26054590570719605,0.264,0.25891829689298046,0.2786259541984733,0.2627906976744186,0.2533659730722154,0.2682926829268293,0.2703045685279188,0.2761290322580645,0.27522935779816515,0.2630890052356021,0.24914675767918087,0.2570093457943925,0.280794701986755,0.2529832935560859,0.28506271379703535,0.2792452830188679,0.2631578947368421,0.24597701149425288,0.26045883940620784,0.24834874504623514,0.24794520547945206,0.23381770145310435,0.23809523809523808,0.264,0.23412698412698413,0.2325268817204301,0.26015228426395937,0.27756653992395436,0.24511082138200782,0.23694267515923567,0.2223719676549865,0.24869791666666666,0.26459143968871596,0.2541935483870968,0.2673656618610747,0.2534435261707989,0.2538860103626943,0.24048913043478262,0.2753246753246753,0.21105527638190955,0.2409448818897638,0.2490211433046202,0.24122137404580152,0.21739130434782608,0.24,0.2399086062452399,0.23583460949464014,0.23338368580060423,0.2496969696969697,0.25476190476190474,0.2622549019607843,0.2535760728218466,0.26393629124004553,0.23648648648648649,0.275990099009901,0.2650753768844221,0.26838235294117646,0.2532808398950131,0.2606951871657754,0.24933333333333332,0.25544794188861986,0.27692307692307694,0.24966974900924702,0.25603217158176944
hsa4986,0.26045883940620784,0.2803398058252427,0.27161997563946405,0.23821989528795812,0.24489795918367346,0.26540284360189575,0.24444444444444444,0.25916561314791403,0.25,0.2634961439588689,1,0.24343675417661098,0.26421800947867297,0.26239669421487605,0.2555425904317386,0.26043956043956046,0.24199288256227758,0.24154589371980675,0.25137362637362637,0.1987179487179487,0.23369565217391305,0.265625,0.2481012658227848,0.257183908045977,0.24058323207776428,0.2520231213872832,0.2669270833333333,0.23898431665421957,0.24736842105263157,0.2661469933184855,0.23155216284987276,0.26432748538011697,0.25206124852767964,0.2859007832898172,0.24047619047619048,0.22710163111668757,0.255,0.265625,0.2609271523178808,0.23553162853297444,0.26344086021505375,0.2630966239813737,0.25717703349282295,0.25170068027210885,0.24205378973105135,0.25670945157526254,0.2709677419354839,0.3329048843187661,0.27294117647058824,0.2288488210818308,0.23744911804613297,0.252112676056338,0.27951153324287653,0.2545454545454545,0.22465753424657534,0.21603260869565216,0.2569060773480663,0.2565104166666667,0.28218465539661897,0.2637215528781794,0.2679738562091503,0.2590027700831025,0.2660427807486631,0.26498002663115844,0.24635761589403973,0.24226110363391656,0.23654390934844194,0.2247340425531915,0.26536312849162014,0.324,0.21628498727735368,0.2344,0.2458233890214797,0.24108527131782945,0.21949685534591196,0.23824701195219122,0.2451662799690642,0.23716951788491447,0.2285276073619632,0.26583850931677017,0.26097560975609757,0.2613065326633166,0.22830440587449932,0.25844004656577413,0.24861111111111112,0.24238578680203046,0.26417525773195877,0.2562814070351759,0.25471698113207547,0.260989010989011,0.24794520547945206,0.2630272952853598,0.2496969696969697,0.24694708276797828,0.24517906336088155
hsa1128,0.2289890377588307,0.27101769911504425,0.2586015538290788,0.26540284360189575,0.24785276073619633,0.2683982683982684,0.2631016042780749,0.24913892078071181,0.23375,0.24708624708624707,0.24343675417661098,1,0.29329004329004327,0.32061068702290074,0.31483457844183566,0.3414141414141414,0.27627302275189597,0.276431718061674,0.25123762376237624,0.2255813953488372,0.25735294117647056,0.2308673469387755,0.2517241379310345,0.22036082474226804,0.28460686600221485,0.26455026455026454,0.2641509433962264,0.25792811839323465,0.2757281553398058,0.278118609406953,0.2575057736720554,0.26844919786096255,0.25403659849300325,0.2635933806146572,0.2576086956521739,0.24629418472063855,0.2840909090909091,0.2783018867924528,0.2502994011976048,0.2600243013365735,0.2487864077669903,0.26943556975505856,0.24017467248908297,0.2687116564417178,0.26057906458797325,0.25933831376734257,0.24561403508771928,0.2564102564102564,0.24946236559139784,0.2459425717852684,0.23745410036719705,0.23924050632911392,0.23133414932680538,0.2188679245283019,0.2617283950617284,0.25245098039215685,0.24502487562189054,0.267688679245283,0.25559481743227325,0.22853688029020555,0.22485207100591717,0.21571072319201995,0.22584541062801933,0.23826714801444043,0.237125748502994,0.2551640340218712,0.24427480916030533,0.2439903846153846,0.20979899497487436,0.26385542168674697,0.2318401937046005,0.2556390977443609,0.2543006731488407,0.2583941605839416,0.2311377245508982,0.2614232209737828,0.2556445739257101,0.2518301610541728,0.2384393063583815,0.24067796610169492,0.25333333333333335,0.2591324200913242,0.2629674306393245,0.2779552715654952,0.21625,0.27534562211981567,0.2651869158878505,0.2579908675799087,0.22749391727493917,0.2264851485148515,0.2345679012345679,0.27765237020316025,0.26298342541436465,0.25091799265605874,0.24193548387096775
hsa1129,0.2430471584038694,0.2813186813186813,0.26460859977949286,0.22,0.23995127892813642,0.2763440860215054,0.2252922422954304,0.24629418472063855,0.24441687344913152,0.24421296296296297,0.26421800947867297,0.29329004329004327,1,0.29506641366223907,0.33191940615058324,0.31827309236947793,0.2378902045209903,0.2527352297592998,0.22972972972972974,0.18475750577367206,0.23357664233576642,0.2430379746835443,0.23059360730593606,0.24296675191815856,0.24092409240924093,0.2565720294426919,0.265807962529274,0.2512280701754386,0.24227799227799227,0.27235772357723576,0.21444954128440366,0.2784272051009564,0.2748663101604278,0.2676056338028169,0.23758099352051837,0.21404303510758776,0.28555304740406323,0.26229508196721313,0.23781212841854935,0.25934861278648974,0.26144578313253014,0.2698412698412698,0.26898047722342733,0.25334957369062117,0.22566371681415928,0.256627783669141,0.26248548199767713,0.27546296296296297,0.26282051282051283,0.21561338289962825,0.24301336573511542,0.24371859296482412,0.24908869987849333,0.2397003745318352,0.21691176470588236,0.1873479318734793,0.23333333333333334,0.2388758782201405,0.24561403508771928,0.2665066026410564,0.2491186839012926,0.2537128712871287,0.24700239808153476,0.25089605734767023,0.2294887039239001,0.22195416164053075,0.21212121212121213,0.21957040572792363,0.24438902743142144,0.25,0.22798552472858866,0.24476047904191617,0.25986597170513775,0.24781976744186046,0.23210023866348448,0.2319164802386279,0.25380710659898476,0.24854227405247814,0.24964028776978417,0.2547699214365881,0.26600441501103755,0.2687074829931973,0.20958083832335328,0.2613756613756614,0.23945409429280398,0.2334096109839817,0.2900232018561485,0.2494331065759637,0.2222222222222222,0.24078624078624078,0.22058823529411764,0.25112107623318386,0.2327113062568606,0.212636695018226,0.24014778325123154
hsa1131,0.23449001051524712,0.281431334622824,0.2696411251212415,0.2351129363449692,0.24126984126984127,0.286527514231499,0.24976525821596243,0.2647352647352647,0.24731182795698925,0.24595141700404857,0.26239669421487605,0.32061068702290074,0.29506641366223907,1,0.31115276476101217,0.3366071428571429,0.2630579297245964,0.26685934489402696,0.2537313432835821,0.21818181818181817,0.25052854122621565,0.24288840262582057,0.247,0.23399558498896247,0.26524685382381413,0.2846511627906977,0.2770961145194274,0.2963202065848935,0.2681034482758621,0.2933212996389892,0.23393574297188754,0.27793427230046946,0.295561850802644,0.27151639344262296,0.2419047619047619,0.21251241310824232,0.2584158415841584,0.2791411042944785,0.2632124352331606,0.26128016789087094,0.2662473794549266,0.2871842843779233,0.2638623326959847,0.26455026455026454,0.25,0.2830365510777882,0.2578680203045685,0.27631578947368424,0.29150943396226414,0.22341568206229862,0.2502639915522703,0.24021739130434783,0.2565997888067582,0.23135135135135135,0.24468085106382978,0.22093023255813954,0.23875802997858672,0.261758691206544,0.26251276813074564,0.2497387669801463,0.24717948717948718,0.2349785407725322,0.2453027139874739,0.25390218522372526,0.23834196891191708,0.24868835257082897,0.2259825327510917,0.23700623700623702,0.2267818574514039,0.259375,0.2671156004489338,0.2582191780821918,0.2897068847989093,0.2853333333333333,0.27055555555555555,0.2832764505119454,0.2874251497005988,0.2894385026737968,0.2866578599735799,0.26798029556650244,0.2543689320388349,0.268389662027833,0.23670490093847757,0.2825070159027128,0.221505376344086,0.2635270541082164,0.2799188640973631,0.25944333996023855,0.2342436974789916,0.2420042643923241,0.23829787234042554,0.265748031496063,0.24347826086956523,0.23336853220696938,0.24786324786324787
hsa1132,0.24166666666666667,0.28060671722643554,0.28152173913043477,0.2549246813441483,0.2529976019184652,0.2757158006362672,0.2672955974842767,0.2606741573033708,0.23809523809523808,0.26225769669327254,0.2555425904317386,0.31483457844183566,0.33191940615058324,0.31115276476101217,1,0.3270564915758176,0.27070063694267515,0.25782092772384035,0.24667472793228537,0.22639362912400454,0.24550898203592814,0.25280199252801994,0.2508436445444319,0.24654088050314465,0.27331887201735355,0.27385892116182575,0.2687427912341407,0.26425591098748263,0.2669208770257388,0.2858575727181545,0.25649717514124293,0.27672955974842767,0.2721518987341772,0.2786127167630058,0.25559105431309903,0.23772321428571427,0.2803114571746385,0.2687427912341407,0.25526932084309134,0.26128266033254155,0.25029655990510086,0.28914405010438415,0.2695187165775401,0.27218225419664266,0.25081788440567065,0.2792887029288703,0.2814645308924485,0.27137970353477764,0.2792413066385669,0.23902439024390243,0.2511961722488038,0.25092707045735474,0.2452153110047847,0.24815724815724816,0.2436670687575392,0.237125748502994,0.244228432563791,0.2664359861591695,0.2534562211981567,0.2706855791962175,0.25,0.24238733252131547,0.24439197166469895,0.2529411764705882,0.24824355971896955,0.24703087885985747,0.23478260869565218,0.245593419506463,0.2343558282208589,0.2779740871613663,0.2333931777378815,0.257227575982209,0.2662241887905605,0.2570194384449244,0.2403789224393132,0.25775480059084194,0.2636494252873563,0.2584837545126354,0.25160370634354956,0.26548672566371684,0.2676822633297062,0.27932960893854747,0.23820754716981132,0.27244258872651356,0.23809523809523808,0.25591882750845546,0.2742857142857143,0.26256983240223464,0.25802615933412604,0.2430471584038694,0.24004825090470447,0.27071823204419887,0.2554112554112554,0.23803827751196172,0.2593939393939394
hsa1133,0.23068309070548712,0.2848360655737705,0.2816032887975334,0.24890829694323144,0.2502818489289741,0.2901606425702811,0.25819265143992054,0.2598091198303287,0.2408256880733945,0.25483870967741934,0.26043956043956046,0.3414141414141414,0.31827309236947793,0.3366071428571429,0.3270564915758176,1,0.26733668341708544,0.2673469387755102,0.25227272727272726,0.20815450643776823,0.23986486486486486,0.2488317757009346,0.24628450106157113,0.2535377358490566,0.2635897435897436,0.2831858407079646,0.27065217391304347,0.2790073775989269,0.26678765880217786,0.28095238095238095,0.23773987206823027,0.282025819265144,0.2787212787212787,0.28104575163398693,0.25,0.23709167544783982,0.27941176470588236,0.27717391304347827,0.25909592061742004,0.27150837988826815,0.27455357142857145,0.29376854599406527,0.27125506072874495,0.2705749718151071,0.24020618556701032,0.27750247770069375,0.2696871628910464,0.2709677419354839,0.28043912175648705,0.24398625429553264,0.24971878515185603,0.24245939675174014,0.2542182227221597,0.2433679354094579,0.24036281179138322,0.2195945945945946,0.2625570776255708,0.2619565217391304,0.26275787187839306,0.25583982202447164,0.24427480916030533,0.2242562929061785,0.24555555555555555,0.26245847176079734,0.24035281146637266,0.26145251396648045,0.23892773892773891,0.2488938053097345,0.23387096774193547,0.25942350332594233,0.2529002320185615,0.2731811697574893,0.2718239886444287,0.27184466019417475,0.2525832376578645,0.2658137882018479,0.2698961937716263,0.2732962447844228,0.2692307692307692,0.25705329153605017,0.2674897119341564,0.2668776371308017,0.24306326304106549,0.2809099901088032,0.23738532110091742,0.2531914893617021,0.29094827586206895,0.2668776371308017,0.24720357941834453,0.24772727272727274,0.23696145124716553,0.27348643006263046,0.2599795291709314,0.2407199100112486,0.2460136674259681
hsa150,0.23002421307506055,0.26732673267326734,0.2737306843267108,0.25677267373380447,0.22926829268292684,0.27341227125941875,0.2776595744680851,0.2545662100456621,0.22857142857142856,0.253765932792584,0.24199288256227758,0.27627302275189597,0.2378902045209903,0.2630579297245964,0.27070063694267515,0.26733668341708544,1,0.3209200438116101,0.23493234932349324,0.24393063583815028,0.2582216808769793,0.2420785804816223,0.24571428571428572,0.21382842509603073,0.27973568281938327,0.23684210526315788,0.25205158264947247,0.2478932584269663,0.2811594202898551,0.28992878942014244,0.2537313432835821,0.275531914893617,0.2505353319057816,0.2408930669800235,0.3210810810810811,0.26643990929705214,0.26440677966101694,0.2696365767878077,0.2630952380952381,0.25,0.24125452352231605,0.2510593220338983,0.255157437567861,0.24390243902439024,0.25802879291251385,0.2653927813163482,0.26976744186046514,0.24449594438006952,0.25240641711229944,0.23573200992555832,0.21046228710462286,0.2389937106918239,0.23357664233576642,0.21125,0.23558282208588957,0.23386114494518878,0.2360939431396786,0.24384525205158264,0.2459016393442623,0.234375,0.24,0.21313506815365552,0.22929171668667467,0.23684210526315788,0.2523809523809524,0.2644927536231884,0.23008849557522124,0.23416965352449223,0.22596754057428214,0.2622754491017964,0.22570911285455642,0.2539325842696629,0.2473919523099851,0.26036363636363635,0.22865671641791044,0.2671641791044776,0.25181422351233673,0.24507658643326038,0.22462203023758098,0.25280898876404495,0.2574585635359116,0.25198637911464244,0.26258992805755393,0.2796610169491525,0.23229813664596274,0.2542955326460481,0.25435540069686413,0.2565266742338252,0.2599758162031439,0.24108241082410825,0.24049079754601227,0.26038159371492703,0.26043956043956046,0.22506082725060828,0.25030826140567203
hsa151,0.22318125770653513,0.2595078299776286,0.2671156004489338,0.24700239808153476,0.2422360248447205,0.2636761487964989,0.27135135135135136,0.24738675958188153,0.22278481012658227,0.2783018867924528,0.24154589371980675,0.276431718061674,0.2527352297592998,0.26685934489402696,0.25782092772384035,0.2673469387755102,0.3209200438116101,1,0.24436090225563908,0.24705882352941178,0.27667493796526055,0.2661498708010336,0.26627906976744187,0.2154046997389034,0.2855543113101904,0.24385026737967913,0.2637231503579952,0.24982256919801277,0.27058823529411763,0.2882231404958678,0.26635514018691586,0.2702702702702703,0.2589771490750816,0.25239234449760767,0.3208791208791209,0.2687427912341407,0.28160919540229884,0.2720763723150358,0.2739393939393939,0.24846248462484624,0.26044226044226043,0.24865446716899892,0.25386313465783666,0.2670807453416149,0.2747747747747748,0.25674217907227614,0.26745562130177514,0.23702830188679244,0.2619565217391304,0.2553729456384324,0.2342007434944238,0.24743589743589745,0.21933085501858737,0.22038216560509555,0.26,0.24441687344913152,0.2304785894206549,0.2637231503579952,0.2431466030989273,0.23745410036719705,0.23832335329341317,0.21717171717171718,0.2273838630806846,0.2496954933008526,0.24848484848484848,0.25584255842558423,0.25,0.25790754257907544,0.22264631043256997,0.2682926829268293,0.2320341047503045,0.25681818181818183,0.24717407686510928,0.25588235294117645,0.2216867469879518,0.26264150943396225,0.2487160674981658,0.24410029498525074,0.22634643377001457,0.23657142857142857,0.27303370786516856,0.25519630484988454,0.26495726495726496,0.27879440258342303,0.23544303797468355,0.25524475524475526,0.25059101654846333,0.27829099307159355,0.2561576354679803,0.24185463659147868,0.24,0.2591324200913242,0.2569832402234637,0.25154894671623296,0.24874371859296482
hsa3577,0.24753867791842477,0.2506297229219144,0.25663716814159293,0.2356948228882834,0.26099290780141843,0.2542997542997543,0.23636363636363636,0.26544021024967146,0.23333333333333334,0.24331550802139038,0.25137362637362637,0.25123762376237624,0.22972972972972974,0.2537313432835821,0.24667472793228537,0.25227272727272726,0.23493234932349324,0.24436090225563908,1,0.20533333333333334,0.2719546742209632,0.26409495548961426,0.24605263157894736,0.2627627627627628,0.2459016393442623,0.237125748502994,0.25338753387533874,0.22307104660045837,0.22282608695652173,0.2488479262672811,0.22883597883597884,0.24484848484848484,0.2503052503052503,0.2717391304347826,0.2382716049382716,0.21642764015645372,0.2584415584415584,0.24390243902439024,0.2482758620689655,0.22580645161290322,0.2549019607843137,0.2605548854041013,0.23821339950372208,0.25390070921985813,0.22588832487309646,0.2478839177750907,0.25100671140939596,0.25935828877005346,0.2646341463414634,0.23444283646888567,0.2531824611032532,0.2691176470588235,0.26874115983026875,0.24817518248175183,0.25,0.23512747875354106,0.2665706051873199,0.25609756097560976,0.2489851150202977,0.2608089260808926,0.24897959183673468,0.2398843930635838,0.25348189415041783,0.2565880721220527,0.23448275862068965,0.26227208976157085,0.23816568047337278,0.23545706371191136,0.2434402332361516,0.24027777777777778,0.19520103761348898,0.21967213114754097,0.23145884270578648,0.22380952380952382,0.18846153846153846,0.21142857142857144,0.220110847189232,0.2125796178343949,0.22448979591836735,0.2567741935483871,0.24430379746835443,0.24412532637075718,0.24617524339360222,0.25331724969843183,0.24057971014492754,0.24274406332453827,0.2680965147453083,0.2558746736292428,0.23876404494382023,0.2664756446991404,0.2642857142857143,0.26417525773195877,0.23773584905660378,0.24893917963224893,0.24568965517241378
hsa5731,0.1913499344692005,0.19621749408983452,0.21352313167259787,0.27353689567430023,0.20871862615587847,0.21709006928406466,0.2588369441277081,0.1918819188191882,0.15498652291105122,0.2125,0.1987179487179487,0.2255813953488372,0.18475750577367206,0.21818181818181817,0.22639362912400454,0.20815450643776823,0.24393063583815028,0.24705882352941178,0.20533333333333334,1,0.25725593667546176,0.21212121212121213,0.23399014778325122,0.18384401114206128,0.25443786982248523,0.2040586245772266,0.2088607594936709,0.21969140337986776,0.2808641975308642,0.24021739130434783,0.2896039603960396,0.21664766248574688,0.19058553386911595,0.20558375634517767,0.2865429234338747,0.2673992673992674,0.21289537712895376,0.21139240506329113,0.20205920205920205,0.1803921568627451,0.185378590078329,0.1952326901248581,0.20163170163170163,0.22324966974900926,0.2916666666666667,0.2241183162684869,0.20702634880803011,0.18875,0.19954128440366972,0.2920592193808883,0.22397891963109354,0.21448087431693988,0.17918313570487485,0.16960651289009498,0.2779255319148936,0.2955145118733509,0.1903485254691689,0.25569620253164554,0.1972187104930468,0.18725617685305593,0.19440914866581957,0.1532258064516129,0.16753246753246753,0.20439844760672704,0.2483912483912484,0.24705882352941178,0.2184065934065934,0.268733850129199,0.15989159891598917,0.24481865284974094,0.19573400250941028,0.24528301886792453,0.19937451133698203,0.20503048780487804,0.1966501240694789,0.24745497259201252,0.20152091254752852,0.18960244648318042,0.1817496229260935,0.19226118500604594,0.21140142517814728,0.21515892420537897,0.2619974059662776,0.25539160045402953,0.1792452830188679,0.254320987654321,0.18546365914786966,0.2567237163814181,0.2513089005235602,0.20666666666666667,0.19680851063829788,0.2210144927536232,0.26210153482880755,0.2437417654808959,0.19919786096256684
hsa5732,0.23783031988873435,0.24688279301745636,0.23404255319148937,0.2857142857142857,0.2482468443197756,0.25060827250608275,0.24729891956782712,0.25227568270481143,0.2191977077363897,0.2605820105820106,0.23369565217391305,0.25735294117647056,0.23357664233576642,0.25052854122621565,0.24550898203592814,0.23986486486486486,0.2582216808769793,0.27667493796526055,0.2719546742209632,0.25725593667546176,1,0.25513196480938416,0.25,0.21810089020771514,0.2484394506866417,0.24555160142348753,0.2613941018766756,0.22779043280182232,0.26185344827586204,0.2591324200913242,0.2591623036649215,0.2665066026410564,0.2430471584038694,0.25268817204301075,0.2591687041564792,0.25290322580645164,0.2634961439588689,0.2520107238605898,0.24829467939972716,0.24687933425797504,0.22714681440443213,0.24133811230585425,0.2542997542997543,0.24403927068723702,0.2675879396984925,0.25269461077844313,0.2602921646746348,0.24338624338624337,0.2572463768115942,0.25894134477825465,0.25594405594405595,0.25290697674418605,0.21818181818181817,0.2077922077922078,0.2796610169491525,0.23949579831932774,0.24643874643874644,0.29088471849865954,0.24096385542168675,0.24551724137931036,0.2395693135935397,0.22285714285714286,0.2396694214876033,0.252400548696845,0.2810368349249659,0.26629680998613037,0.25584795321637427,0.2726027397260274,0.2132564841498559,0.2554945054945055,0.1935483870967742,0.23289902280130292,0.23238866396761135,0.2358044164037855,0.1989795918367347,0.23276561232765614,0.21951219512195122,0.21518987341772153,0.21372854914196568,0.23499361430395913,0.24561403508771928,0.25839793281653745,0.2737276478679505,0.27837514934289126,0.22492836676217765,0.26631853785900783,0.2440318302387268,0.2622739018087855,0.24305555555555555,0.24929178470254956,0.23022598870056496,0.2653061224489796,0.2727272727272727,0.29790209790209793,0.22301136363636365
