KEGG ID,hsa:338442,hsa:1812,hsa:1813,hsa:5739,hsa:9052,hsa:148,hsa:153,hsa:154,hsa:64805,hsa:1814,hsa:4986,hsa:1128,hsa:1129,hsa:1131,hsa:1132,hsa:1133,hsa:150,hsa:151,hsa:3577,hsa:5731,hsa:5732,hsa:134,hsa:135,hsa:140,hsa:11255,hsa:3269,hsa:59340,hsa:2550,hsa:146,hsa:147,hsa:155,hsa:1816,hsa:3356,hsa:3360,hsa:152,hsa:1815,hsa:3350,hsa:3351,hsa:3352,hsa:3354,hsa:3355,hsa:3357,hsa:3358,hsa:3361,hsa:3362,hsa:3363,hsa:3274,hsa:4988,hsa:1268,hsa:6915,hsa:5737,hsa:136,hsa:185,hsa:10800,hsa:1241,hsa:56413,hsa:57105,hsa:5733,hsa:6751,hsa:6752,hsa:8843,hsa:10161,hsa:2846,hsa:5028,hsa:5029,hsa:5030,hsa:5031,hsa:5032,hsa:9934,hsa:4985,hsa:2911,hsa:2912,hsa:2913,hsa:2914,hsa:2915,hsa:2916,hsa:2917,hsa:2918,hsa:222545,hsa:1909,hsa:1910,hsa:552,hsa:554,hsa:9283,hsa:5724,hsa:23620,hsa:7201,hsa:6753,hsa:6755,hsa:4543,hsa:1234,hsa:886,hsa:887,hsa:5729,hsa:6010
hsa:338442,1.0,0.47409172126265636,0.4661117717003567,0.47775628626692457,0.47753185781354796,0.46251441753171857,0.44813979706877116,0.48375,0.47303754266211606,0.4741161616161616,0.4727979274611399,0.4690781796966161,0.45163136805953064,0.4340551181102362,0.4580973952434881,0.44585314315900687,0.4457762557077626,0.4620811287477954,0.48032564450474896,0.4667919799498747,0.4696868754163891,0.4707112970711297,0.4781795511221945,0.4686398872445384,0.45754716981132076,0.45739910313901344,0.4591513616212793,0.3392916252896392,0.42664670658682635,0.447481243301179,0.4706982543640898,0.4688393367638651,0.46021751574127073,0.47591522157996147,0.44724770642201833,0.45676004872107184,0.4682151589242054,0.46471710108073744,0.4720416124837451,0.47354497354497355,0.46391076115485563,0.4489337822671156,0.45818815331010454,0.4755525787006028,0.47390521895620874,0.4580973952434881,0.48089171974522293,0.4750473783954517,0.4652897303499713,0.46707399864222676,0.45904887714663145,0.48119777158774374,0.46875,0.45813478556841386,0.48540393754243044,0.4706666666666667,0.4812286689419795,0.46938775510204084,0.48646907216494845,0.4943295530353569,0.8951279933938894,0.45332437877770315,0.46793193717277487,0.47575360419397117,0.4865397242284964,0.48039867109634554,0.48525280898876405,0.4923891462607545,0.4621676891615542,0.47863247863247865,0.29485434249931936,0.36590662323561346,0.3675675675675676,0.3589117544471573,0.2867076758491575,0.35466571326421165,0.35074368730543065,0.35189697180647406,0.3466666666666667,0.45954106280193235,0.4548139397519197,0.47196549599507087,0.4795783926218709,0.4628895184135977,0.4934256055363322,0.4716863721219664,0.4715549936788875,0.4810911345319281,0.47644326476443266,0.48032564450474896,0.47240915208613726,0.4666666666666667,0.4628099173553719,0.4697272122421823,0.4822888283378747
hsa:1812,0.47409172126265636,1.0,0.4809368191721133,0.4787914003486345,0.4636471990464839,0.4819341126461211,0.4606625258799172,0.49346219442865263,0.4559178743961353,0.4805491990846682,0.4700407213496219,0.48023504273504275,0.4756613756613757,0.4628175519630485,0.46604458268532917,0.47218119153126537,0.4586387434554974,0.47391070467993546,0.46422128683102826,0.45730337078651684,0.4550295857988166,0.4562268803945746,0.4833239118145845,0.4542626011200996,0.4801738185768604,0.4782383419689119,0.45781071835803877,0.3823151125401929,0.4535263895375993,0.4711155378486056,0.46494671901289963,0.5539647577092511,0.47114375655823715,0.49181286549707603,0.4546883184913567,0.4629424778761062,0.49157303370786515,0.4703852788959172,0.4753810082063306,0.48031026252983294,0.47330960854092524,0.4711987545407369,0.47649572649572647,0.46190476190476193,0.496410822749862,0.48998946259220233,0.4875937680323139,0.47464387464387464,0.47117400419287214,0.4498498498498498,0.45680473372781066,0.4592274678111588,0.4542232722976964,0.446256038647343,0.4678292242934456,0.4550295857988166,0.4500299222022741,0.46281464530892447,0.4704192992533027,0.4699292452830189,0.4753908511870295,0.4507803121248499,0.4630715123094959,0.47007042253521125,0.4710695499707773,0.47240356083086055,0.4572307692307692,0.4779021803182086,0.4550970873786408,0.46917204932472106,0.3393048128342246,0.40754980775952465,0.40409295872355183,0.3988536749831423,0.3291338582677165,0.3981321342096161,0.3953020134228188,0.39199192462987886,0.3940804788826073,0.47026431718061673,0.4681081081081081,0.46209186496956284,0.46311475409836067,0.45983522142121525,0.4647630619684083,0.4666666666666667,0.4765446224256293,0.4694104560622914,0.4602239245727755,0.46422128683102826,0.4529761904761905,0.47516556291390727,0.4714439655172414,0.4585308056872038,0.45536249251048533
hsa:1813,0.4661117717003567,0.4809368191721133,1.0,0.4787172011661808,0.46002386634844866,0.48583645109567075,0.4813059505002633,0.48496880317640384,0.4374625972471574,0.5573671497584541,0.47251461988304094,0.49539794260963727,0.4763674986723314,0.4702048417132216,0.5074866310160427,0.4757425742574257,0.5100598151169113,0.499725425590335,0.46941247728649305,0.47461494580718766,0.47147147147147145,0.4605834885164494,0.47990945104697225,0.4405940594059406,0.49641873278236914,0.48900523560209425,0.4526795895096921,0.37853470437017994,0.4609227871939736,0.4836272040302267,0.4739524348810872,0.4860010565240359,0.464117338920901,0.4719166184134337,0.4937938478143551,0.5245806824754193,0.5059760956175299,0.49005847953216375,0.4875444839857651,0.4837935174069628,0.4714625445897741,0.4612202688728025,0.46231422505307856,0.4821320411871593,0.4897959183673469,0.4797900262467192,0.49013921113689096,0.4678429140580535,0.47418335089567965,0.46825396825396826,0.4412455934195065,0.4563882063882064,0.43870967741935485,0.4382157926461724,0.4721549636803874,0.46618791143028127,0.4463750748951468,0.46689694876223375,0.46862406447898675,0.4706927175843694,0.4701795020266358,0.43162901307966706,0.4501457725947522,0.4605032182562902,0.47877358490566035,0.469678953626635,0.4652173913043478,0.47782377291543465,0.4443772672309553,0.46388725778038753,0.337613697164259,0.40982456140350876,0.4019437695244707,0.4029142663503897,0.33201581027667987,0.40034722222222224,0.39321692411014103,0.3861652115513768,0.3828099173553719,0.46048298572996704,0.46166306695464365,0.4758968609865471,0.47862232779097386,0.4811320754716981,0.4575242718446602,0.4823863636363636,0.4764638346727899,0.47094972067039104,0.4661520190023753,0.4605659241420831,0.4580335731414868,0.47671840354767187,0.47934782608695653,0.46710526315789475,0.46400483968542044
hsa:5739,0.47775628626692457,0.4787914003486345,0.4787172011661808,1.0,0.46929541047188106,0.47732426303854875,0.4994318181818182,0.47673716012084594,0.4137055837563452,0.476365868631062,0.46867167919799496,0.48394495412844035,0.4397790055248619,0.4380722891566265,0.47847959754052544,0.4528985507246377,0.4891304347826087,0.4918319719953326,0.4699738903394256,0.5356687898089172,0.5213903743315508,0.48534423994546694,0.5030788177339901,0.44952893674293404,0.4865497076023392,0.4558342420937841,0.4275405892964522,0.3548387096774194,0.47112004018081366,0.4676906779661017,0.5040247678018576,0.4951841359773371,0.44726670347874103,0.46716232961586124,0.4908045977011494,0.508578431372549,0.4811264230077891,0.477286869943995,0.46977329974811083,0.4627625716104392,0.4265344079355239,0.42887931034482757,0.4427054220234768,0.48562091503267973,0.5131736526946108,0.4760044642857143,0.48022249690976515,0.4646772228989038,0.47332959011791126,0.5064145847400405,0.4225967540574282,0.47548690396239085,0.4172885572139303,0.4152271273192578,0.4943745863666446,0.5183455637091394,0.4331413947536788,0.4884012539184953,0.49590937696664567,0.47509578544061304,0.47535870243293826,0.3979974968710889,0.43575418994413406,0.46776232616940583,0.5058064516129033,0.49317738791423,0.4965753424657534,0.5097402597402597,0.4271907216494845,0.49323889246619446,0.30644288034650785,0.3907380607814761,0.3739779594738713,0.3770833333333333,0.3002131060202451,0.3836500537827178,0.362701405553651,0.3536460116398494,0.3521079258010118,0.4434126523505514,0.45157593123209167,0.4866989117291415,0.49902912621359224,0.4882154882154882,0.4715984147952444,0.49938423645320196,0.4498186215235792,0.5113706207744315,0.5029469548133595,0.4747871643745907,0.4483643361128929,0.47250147841513895,0.4926772114821324,0.5112732095490716,0.4795783926218709
hsa:9052,0.47753185781354796,0.4636471990464839,0.46002386634844866,0.46929541047188106,1.0,0.45744064852345107,0.43905191873589167,0.4737171464330413,0.4560925799863853,0.4714104193138501,0.4767518009168304,0.4537521815008726,0.4565972222222222,0.43601190476190477,0.45475241889584517,0.4503735325506937,0.4431687715269805,0.4475073313782991,0.472430224642614,0.4585427135678392,0.46680080482897385,0.46872803935347856,0.4746081504702194,0.475,0.4583828775267539,0.4639818491208168,0.460997442455243,0.3343273691186216,0.4192903548225887,0.4380697050938338,0.46616541353383456,0.45797598627787306,0.4635838150289017,0.46371226718047526,0.44131185270425777,0.4443091905051735,0.46465888137676703,0.4703989703989704,0.4711664482306684,0.46485411140583555,0.45622119815668205,0.45625,0.45560747663551404,0.4667562122229684,0.46338535414165666,0.4580718767826583,0.4697259400892288,0.47609942638623326,0.4610951008645533,0.4741913282863042,0.4609739826551034,0.471039776692254,0.45514950166112955,0.4561042524005487,0.4725050916496945,0.46877098723975824,0.4662576687116564,0.4722938144329897,0.47138263665594854,0.47086092715231787,0.48370273794002605,0.44932432432432434,0.46701846965699206,0.4739273927392739,0.477946017116524,0.4815560026827633,0.48441926345609065,0.47299077733860345,0.45516769336071183,0.4748677248677249,0.28933043004899295,0.3605072463768116,0.35437589670014347,0.3532286212914485,0.28368604339673187,0.35125448028673834,0.34510211145725167,0.34622082897944967,0.34615384615384615,0.47297297297297297,0.45476190476190476,0.4674922600619195,0.4728835978835979,0.45377197958026094,0.4741557546519642,0.46716697936210133,0.47070063694267517,0.4674922600619195,0.46675531914893614,0.46644067796610167,0.47150610583446406,0.4613511868533171,0.465435041716329,0.4757412398921833,0.47436773752563227
hsa:148,0.46251441753171857,0.4819341126461211,0.48583645109567075,0.47732426303854875,0.45744064852345107,1.0,0.4837879567678847,0.4908485856905158,0.42725173210161665,0.4815436241610738,0.45967287084038355,0.49209694415173866,0.4782157676348548,0.46994535519125685,0.4968911917098446,0.48034934497816595,0.49605885444035736,0.48831030818278426,0.45369831100757135,0.46766169154228854,0.4617169373549884,0.4605183845690175,0.48588821250691755,0.4411057692307692,0.48507462686567165,0.48521916411824667,0.4448123620309051,0.39074960127591707,0.5167304015296367,0.5327910523640061,0.478429203539823,0.4853168469860896,0.4639754726622381,0.4559643255295429,0.48586387434554973,0.48111658456486045,0.4776931447225245,0.4740990990990991,0.4647727272727273,0.4626006904487917,0.4584527220630373,0.4604135148764498,0.46600934094447327,0.4642233856893543,0.5018970189701897,0.4709775967413442,0.4909604519774011,0.46030871003307605,0.4692622950819672,0.4636309875813128,0.4425385934819897,0.4547079856972586,0.4425385934819897,0.4396248534583822,0.46658851113716293,0.4617169373549884,0.4408352668213457,0.4716132658797077,0.4667039731393397,0.4627720504009164,0.46903153153153154,0.4365217391304348,0.4413754227733935,0.46044393853158794,0.46727376209447924,0.4676674364896074,0.4614921780986763,0.4798387096774194,0.44053895723491504,0.4628995433789954,0.3444709626093874,0.4169844020797227,0.4071917808219178,0.40896921017402943,0.3377708170190551,0.4065821049022969,0.39840901557838915,0.3974700399467377,0.3944262295081967,0.46512875536480686,0.46543535620052773,0.47543668122270744,0.46369353916523726,0.46707193515704154,0.4592680047225502,0.47766133480419193,0.45886250690226393,0.48598130841121495,0.4684788895315211,0.4630715123094959,0.4521183981427742,0.46125066809192944,0.4749075541468568,0.45838150289017343,0.45784543325526933
hsa:153,0.44813979706877116,0.4606625258799172,0.4813059505002633,0.4994318181818182,0.43905191873589167,0.4837879567678847,1.0,0.5158774373259053,0.39166666666666666,0.4712013165112452,0.45530260966129926,0.4844559585492228,0.4371884346959123,0.4616763783056925,0.4938650306748466,0.4602272727272727,0.5126050420168067,0.48066875653082547,0.43856655290102387,0.5143661971830986,0.45553021664766247,0.4549763033175355,0.4836244541484716,0.41173054587688734,0.5107181136120043,0.4545903257650543,0.4011627906976744,0.39637635092180545,0.5165562913907285,0.49852507374631266,0.5614541257934218,0.5093167701863354,0.4417910447761194,0.4485213581599124,0.5110526315789473,0.5259052924791087,0.4859459459459459,0.4630242825607064,0.45540691192865107,0.4401565995525727,0.39577693557119653,0.4315738025415445,0.44125063035804335,0.46048109965635736,0.5272331154684096,0.49005609382967874,0.4673256452498627,0.44193548387096776,0.4636730575176589,0.4849023090586146,0.4005479452054794,0.4367015098722416,0.3906420021762786,0.38200999444752914,0.48158971361776737,0.49298245614035086,0.40929451287793955,0.4678848283499446,0.4793756967670011,0.448488241881299,0.4500548847420417,0.3691384950926936,0.4083741163675911,0.4375,0.4860557768924303,0.4630681818181818,0.4576672587329781,0.4868571428571429,0.3898494143892917,0.48853211009174313,0.35645933014354064,0.4309027777777778,0.40311653116531165,0.4247817327065144,0.34743991640543365,0.4281767955801105,0.3986842105263158,0.3894909688013136,0.3794657225619569,0.4232749742533471,0.4351378958120531,0.46859903381642515,0.480868075385494,0.47929292929292927,0.44630484988452657,0.49503858875413453,0.41985138004246286,0.49835706462212487,0.4901506373117034,0.4418472063854048,0.42016806722689076,0.46946362187997875,0.49787910922587486,0.4580718767826583,0.454178674351585
hsa:154,0.48375,0.49346219442865263,0.48496880317640384,0.47673716012084594,0.4737171464330413,0.4908485856905158,0.5158774373259053,1.0,0.45741324921135645,0.4883303411131059,0.4792682926829268,0.47432357813362785,0.4632553075666848,0.45170454545454547,0.4804560260586319,0.4679878048780488,0.4688183807439825,0.46448390677025525,0.4706994328922495,0.4630281690140845,0.4765184721352536,0.4643782383419689,0.48150322959483266,0.4857142857142857,0.4791431792559188,0.4669509594882729,0.46277546158427635,0.3669814392705959,0.45178399228543875,0.4668380462724936,0.5108303249097473,0.5016556291390728,0.4786652078774617,0.49664019547953575,0.46229508196721314,0.46039035591274396,0.48661233993015135,0.47065868263473054,0.47317073170731705,0.48102053515868076,0.46736453201970446,0.4746494066882416,0.4810901001112347,0.47095565271705186,0.4883057615516258,0.49261083743842365,0.48501199040767384,0.4750889679715303,0.47465940054495914,0.45930599369085173,0.46737103791174645,0.4769928710304601,0.4556103575832306,0.4630102040816326,0.47077309868007544,0.470991890205864,0.47522236340533675,0.47596153846153844,0.48759830611010285,0.48203221809169766,0.4848300970873786,0.461198738170347,0.46572827417380663,0.48120764017252005,0.4831184775936157,0.4791796146674953,0.4654169360051713,0.4685784014643075,0.4593392630241423,0.4721030042918455,0.32113055181695827,0.3926924441291238,0.3834560112162636,0.37968643490115883,0.3171443736730361,0.380385288966725,0.37946276776606597,0.37982905982905985,0.37466397849462363,0.4713631156930126,0.4674523007856341,0.4824970828471412,0.4784217016029593,0.4683136412459721,0.4732142857142857,0.48058823529411765,0.47706968433591423,0.48509643483343073,0.4736515809051457,0.48662420382165605,0.473551637279597,0.48242074927953893,0.48169014084507045,0.46919726197884254,0.47622067216233355
hsa:64805,0.47303754266211606,0.4559178743961353,0.4374625972471574,0.4137055837563452,0.4560925799863853,0.42725173210161665,0.39166666666666666,0.45741324921135645,1.0,0.44834183673469385,0.45682267633487145,0.433411214953271,0.4456140350877193,0.4186162269785963,0.4315849486887115,0.432475884244373,0.4020442930153322,0.42445620223398,0.46473029045643155,0.39779005524861877,0.44925575101488496,0.450354609929078,0.4364881693648817,0.4809384164222874,0.4114888628370457,0.4400908574673481,0.47078135259356535,0.32116788321167883,0.3775258748151799,0.41167023554603854,0.4053888548683405,0.4322469982847341,0.4509918319719953,0.4553745928338762,0.3937677053824363,0.38571428571428573,0.44231955582973476,0.45454545454545453,0.4473684210526316,0.45234899328859063,0.47716428084526247,0.4487917146144994,0.4582836710369487,0.4442943956785955,0.41430260047281325,0.43567753001715265,0.45401929260450163,0.4680025856496445,0.4451538015089959,0.42459239130434784,0.4742268041237113,0.45486600846262343,0.4722031571722718,0.47690120824449184,0.4274193548387097,0.4204244031830239,0.488339222614841,0.4386640976236352,0.44803098773402195,0.4782608695652174,0.46391076115485563,0.4840989399293286,0.4813052345343304,0.464524765729585,0.4426229508196721,0.46612466124661245,0.45254957507082155,0.4292237442922374,0.5178701677607586,0.44415069398545937,0.2781258512666848,0.3446901051105473,0.34595959595959597,0.3319429961765728,0.27299544113703406,0.330832440157199,0.33693003828750434,0.34129213483146065,0.338977194194886,0.4743107769423559,0.4539393939393939,0.43873762376237624,0.44121532364597094,0.4177927927927928,0.4767277856135402,0.4230055658627087,0.4682230869001297,0.41509433962264153,0.4349269588313413,0.4596829772570641,0.4780793319415449,0.4480639213275968,0.4334916864608076,0.4454177897574124,0.448559670781893
hsa:1814,0.4741161616161616,0.4805491990846682,0.5573671497584541,0.476365868631062,0.4714104193138501,0.4815436241610738,0.4712013165112452,0.4883303411131059,0.44834183673469385,1.0,0.47254780999383095,0.49573621375781696,0.46921797004991683,0.4566891241578441,0.4916759156492786,0.4578005115089514,0.48069390039171794,0.4916810097532989,0.4768339768339768,0.48009650180940894,0.4780114722753346,0.47249834327369117,0.4750593824228028,0.46858288770053474,0.48563218390804597,0.4817039868924085,0.4728823887873248,0.36360655737704917,0.44131910766246363,0.4648620510150963,0.4793536804308797,0.48013245033112584,0.45972602739726026,0.480958230958231,0.4822934232715008,0.5,0.5014925373134328,0.49474335188620905,0.49968454258675077,0.4872935196950445,0.4788643533123028,0.45675675675675675,0.46756152125279643,0.49130714745653575,0.48726851851851855,0.4672489082969432,0.48477466504263095,0.4764776839565742,0.47511061946902655,0.4689922480620155,0.45034353529044346,0.472715318869165,0.45397620538509703,0.44551282051282054,0.4787917737789203,0.47425301970756517,0.45229007633587787,0.4728823887873248,0.47381242387332523,0.47894406033940917,0.4718826405867971,0.44755244755244755,0.46244568590937307,0.4726027397260274,0.48192019950124687,0.4751102709514808,0.46965699208443273,0.48370927318295737,0.45302445302445304,0.47625,0.3131067961165049,0.3867285051730289,0.37799717912552894,0.3771899690827894,0.3106201756720788,0.3758815232722144,0.37133105802047783,0.37306767433871524,0.3684566024991557,0.4683691236215902,0.46780626780626783,0.48398576512455516,0.48738965952080704,0.4710698689956332,0.47085492227979275,0.4856115107913669,0.4758162031438936,0.4708994708994709,0.46675031367628605,0.47398843930635837,0.4674744897959184,0.4718187100522952,0.4848137535816619,0.4789808917197452,0.47297297297297297
hsa:4986,0.4727979274611399,0.4700407213496219,0.47251461988304094,0.46867167919799496,0.4767518009168304,0.45967287084038355,0.45530260966129926,0.4792682926829268,0.45682267633487145,0.47254780999383095,1.0,0.46605818596691384,0.44581005586592176,0.4384093113482056,0.46595982142857145,0.44732745199792423,0.45224719101123595,0.45418098510882016,0.4804506295559973,0.46719803801348864,0.4874835309617918,0.4852233676975945,0.4693753790175864,0.474120082815735,0.46403712296983757,0.45874587458745875,0.4588235294117647,0.3493579189990122,0.4482587064676617,0.44742376445846477,0.4719169719169719,0.47329960652051717,0.46896162528216706,0.46691635455680397,0.45618993781797623,0.4530321046373365,0.4659498207885305,0.4780426599749059,0.4723458359821996,0.46812620734063104,0.45229007633587787,0.45044052863436124,0.46123147092360317,0.4719321148825065,0.4629737609329446,0.47667228780213605,0.47273853779429986,0.5755775577557756,0.46322290847838293,0.4743504330446369,0.46248382923674,0.47728813559322036,0.4587096774193548,0.4578073089700997,0.46405228758169936,0.47196870925684486,0.47837658017298734,0.4836272040302267,0.5239018087855297,0.523936170212766,0.4751728472658705,0.45121152586771446,0.46364795918367346,0.49222797927461137,0.4751592356687898,0.48825065274151436,0.48323066392881586,0.47223994894703253,0.4656437625083389,0.5738714090287278,0.30262801408832296,0.37824207492795386,0.36466832210003547,0.3660899653979239,0.29645427885897097,0.37031751694612913,0.36354238456237076,0.35911602209944754,0.35609921848453957,0.47402985074626863,0.47767332549941244,0.48298906439854195,0.4816247582205029,0.4723309111235327,0.4782608695652174,0.4810049019607843,0.46551724137931033,0.48569689592209375,0.5119521912350598,0.4863606121091151,0.47078135259356535,0.4714285714285714,0.4735002912055912,0.4768125408229915,0.4843437708194537
hsa:1128,0.4690781796966161,0.48023504273504275,0.49539794260963727,0.48394495412844035,0.4537521815008726,0.49209694415173866,0.4844559585492228,0.47432357813362785,0.433411214953271,0.49573621375781696,0.46605818596691384,1.0,0.5258620689655172,0.5256653992395437,0.5611745513866232,0.5609881626351003,0.5,0.5018888289260658,0.46108490566037735,0.48647125140924463,0.46230274693161894,0.4628953771289538,0.4849665924276169,0.4415505754088431,0.5175438596491229,0.49741468459152016,0.4582164890633763,0.38988476312419973,0.47086247086247085,0.488822652757079,0.48158482142857145,0.4867669953295278,0.46601441812564365,0.463882618510158,0.4960212201591512,0.49250416435313715,0.4963948973932335,0.4831717056474615,0.47635524798154555,0.4691501746216531,0.44896788990825687,0.44987405541561715,0.46045785639958375,0.47869822485207103,0.505194095133953,0.4700460829493088,0.485827664399093,0.46573816155988856,0.4774494556765163,0.47302158273381295,0.44297235023041476,0.45788206979542717,0.4380022962112514,0.42406542056074764,0.4785714285714286,0.47523584905660377,0.4463343108504399,0.4689265536723164,0.48488305761551626,0.4667437825332562,0.46715741789354476,0.41705069124423966,0.43934240362811794,0.456,0.47635524798154555,0.4682955206515416,0.46743761412051127,0.49007009345794394,0.4392688679245283,0.4796511627906977,0.34612310151878495,0.4200976971388695,0.406808803301238,0.4104979811574697,0.3404199475065617,0.4095928226363009,0.3933665008291874,0.39612558450233804,0.3862520458265139,0.45703544575725025,0.4574749075541469,0.4720394736842105,0.49529411764705883,0.4850361197110423,0.4615842763549732,0.48576214405360135,0.4577777777777778,0.4850663716814159,0.47772567409144195,0.45422535211267606,0.45518453427065025,0.4776931447225245,0.48899624261943103,0.47007042253521125,0.469678953626635
hsa:1129,0.45163136805953064,0.4756613756613757,0.4763674986723314,0.4397790055248619,0.4565972222222222,0.4782157676348548,0.4371884346959123,0.4632553075666848,0.4456140350877193,0.46921797004991683,0.44581005586592176,0.5258620689655172,1.0,0.5077066791219057,0.5490616621983915,0.5186660029865605,0.4510703363914373,0.4672603457307491,0.45794392523364486,0.43513513513513513,0.44412607449856734,0.4439809296781883,0.4688183807439825,0.4411057692307692,0.4632352941176471,0.48901379662749106,0.4816072439162422,0.3823715916296766,0.42478670857656037,0.4593417231364956,0.4340128755364807,0.46419502285424075,0.4647239263803681,0.4551532033426184,0.4384186517992904,0.43936170212765957,0.47608695652173916,0.4617532104969291,0.45649717514124294,0.4634427173287277,0.4736537348002316,0.46632911392405063,0.4667705088265836,0.45239469128678594,0.45995785036880926,0.4613050075872534,0.46855870895937674,0.46030871003307605,0.46550843127235564,0.43312101910828027,0.4533410138248848,0.44780545670225386,0.45838150289017343,0.45067926757235677,0.43875790684301325,0.4253393665158371,0.4500875656742557,0.45202440377149194,0.4488667772249862,0.45527065527065524,0.4608062709966405,0.4499707431246343,0.45201590005678594,0.45217883418222976,0.4523943661971831,0.44843304843304843,0.43898104265402843,0.4497742663656885,0.4550295857988166,0.4398876404494382,0.3448275862068966,0.40336422931685545,0.4052667578659371,0.3972784600066379,0.34092098377812663,0.39226331862911434,0.39748261013580655,0.39886704431856046,0.4050214734060126,0.4596472474612507,0.4554507337526205,0.44468198824158206,0.4422535211267606,0.44655344655344653,0.4439252336448598,0.4496753246753247,0.47433035714285715,0.4385311335816924,0.4344632768361582,0.4444444444444444,0.4521183981427742,0.4550292708887706,0.45644235785080856,0.45669745958429564,0.44683323649041257
hsa:1131,0.4340551181102362,0.4628175519630485,0.4702048417132216,0.4380722891566265,0.43601190476190477,0.46994535519125685,0.4616763783056925,0.45170454545454547,0.4186162269785963,0.4566891241578441,0.4384093113482056,0.5256653992395437,0.5077066791219057,1.0,0.5188284518828452,0.54181654676259,0.4645776566757493,0.4636279926335175,0.43341645885286784,0.4429115128449096,0.43252595155709345,0.4175101214574899,0.4523470839260313,0.4098527171152869,0.4627831715210356,0.4802158273381295,0.44107744107744107,0.4296922148461074,0.45951500205507606,0.47714410100130605,0.4432355723746452,0.46495956873315364,0.4621280432822362,0.4444444444444444,0.4558623811679493,0.4485674025364021,0.4621928166351607,0.44804253262445626,0.44547677261613694,0.43842364532019706,0.43214110730034294,0.45575811471765226,0.45657116871305137,0.4395822973644953,0.4558483587609801,0.47162162162162163,0.45467695274831244,0.44763271162123386,0.4654627539503386,0.4272136068034017,0.42555282555282553,0.42373737373737375,0.4199706314243759,0.41417165668662675,0.4264487369985141,0.42828979793001476,0.4224652087475149,0.43969245555021624,0.44599807135969144,0.4337408312958435,0.44508950169327527,0.41526263627353815,0.4345063538611926,0.4339990258158792,0.4398441305406722,0.43700787401574803,0.4263211382113821,0.44037145650048876,0.42778057372924005,0.4388454011741683,0.39192641798671435,0.4467120181405896,0.4427652733118971,0.44322113872286883,0.3875441250630358,0.43898522800256906,0.4365625,0.43763744894753376,0.4413320883909119,0.4548432381843706,0.4512419503219871,0.4471582902771254,0.44586614173228345,0.4688200986989681,0.4278557114228457,0.44950213371266,0.4435946462715105,0.44851904090267986,0.43271119842829076,0.4277198211624441,0.43212332173048235,0.45284780578898226,0.4568014705882353,0.43684992570579495,0.4304239401496259
hsa:1132,0.4580973952434881,0.46604458268532917,0.5074866310160427,0.47847959754052544,0.45475241889584517,0.4968911917098446,0.4938650306748466,0.4804560260586319,0.4315849486887115,0.4916759156492786,0.46595982142857145,0.5611745513866232,0.5490616621983915,0.5188284518828452,1.0,0.5388446215139442,0.49922077922077923,0.49868073878627966,0.4602534562211982,0.4875759249033683,0.4622857142857143,0.45680473372781066,0.48446866485013623,0.43860684769775676,0.5010626992561105,0.4944331983805668,0.4463799673380512,0.3969514131470308,0.47474747474747475,0.4948604992657856,0.4795417348608838,0.48853795211411105,0.4651866801210898,0.46060606060606063,0.4883600620796689,0.5016411378555798,0.4940347071583514,0.47120708748615725,0.476029328821207,0.4631519274376417,0.4500561167227834,0.4580228514654744,0.4597349643221203,0.4672789896670494,0.5010683760683761,0.46987951807228917,0.47792494481236203,0.46166394779771613,0.47863682604272634,0.46674445740956827,0.4450084602368866,0.45539906103286387,0.4312849162011173,0.4240867579908676,0.46963562753036436,0.4673165137614679,0.4367881548974943,0.46957964601769914,0.4818941504178273,0.4608450704225352,0.4678492239467849,0.4156355455568054,0.43822714681440444,0.44883203559510565,0.4802036199095023,0.4631519274376417,0.4638196915776987,0.486039886039886,0.43811168681635004,0.47505668934240364,0.3526608419380461,0.4275337253545486,0.4147339699863574,0.4135063206919494,0.3468961919666145,0.4204389574759945,0.4034278180619644,0.4006611570247934,0.39668076797917345,0.45789473684210524,0.4463276836158192,0.47340139709833423,0.47670454545454544,0.4875823618854536,0.45649651972157773,0.4820065430752454,0.4578575312669929,0.4813614262560778,0.46810933940774485,0.44939965694682676,0.44621513944223107,0.4797225186766275,0.47987454260324097,0.4631639063392347,0.4635416666666667
hsa:1133,0.44585314315900687,0.47218119153126537,0.4757425742574257,0.4528985507246377,0.4503735325506937,0.48034934497816595,0.4602272727272727,0.4679878048780488,0.432475884244373,0.4578005115089514,0.44732745199792423,0.5609881626351003,0.5186660029865605,0.54181654676259,0.5388446215139442,1.0,0.47104247104247104,0.47084762371386574,0.44456347080878417,0.449746192893401,0.44503451938396177,0.4330966684871655,0.4605263157894737,0.428021978021978,0.47579051383399207,0.492573071394346,0.452344152498712,0.4142635658914729,0.4511827956989247,0.4658158614402917,0.4485887096774194,0.4678724416944312,0.46418338108882523,0.452995867768595,0.45825335892514396,0.4498753117206983,0.47546788062721296,0.46213692946058094,0.4534518828451883,0.4582668793195109,0.44678609062170704,0.4649952696310312,0.4611298889425398,0.4488272921108742,0.46910528917449335,0.4693295292439372,0.4669421487603306,0.4563106796116505,0.4663162924032489,0.4340836012861736,0.4382259767687434,0.43665035345296355,0.4276729559748428,0.42926304464766,0.4370015948963317,0.43740095087163233,0.44122383252818037,0.45309278350515464,0.45314109165808447,0.4545934530095037,0.4574688796680498,0.4341541755888651,0.4508153603366649,0.4486910994764398,0.4489051094890511,0.4544008483563097,0.4403066812705367,0.44950287807430667,0.4324178782983306,0.4456066945606695,0.3762402088772846,0.4349280695884911,0.43046797212080984,0.4238218205293738,0.3673940949935815,0.42328042328042326,0.41803015720243825,0.4199483537766301,0.42028061224489793,0.4638042935596605,0.4541015625,0.4585635359116022,0.4455497382198953,0.4691650853889943,0.4394184168012924,0.460446247464503,0.4616966580976864,0.4556390977443609,0.4443858724301529,0.4391675560298826,0.4400639318060735,0.4609258337481334,0.45503159941662613,0.44739638682252925,0.44755244755244755
hsa:150,0.4457762557077626,0.4586387434554974,0.5100598151169113,0.4891304347826087,0.4431687715269805,0.49605885444035736,0.5126050420168067,0.4688183807439825,0.4020442930153322,0.48069390039171794,0.45224719101123595,0.5,0.4510703363914373,0.4645776566757493,0.49922077922077923,0.47104247104247104,1.0,0.5861678004535147,0.450261780104712,0.5034013605442177,0.4642233856893543,0.4473684210526316,0.48013245033112584,0.41297935103244837,0.5224288840262582,0.4739240506329114,0.4196525515743757,0.39112388250319285,0.48826291079812206,0.4933068914229053,0.4991577765300393,0.5,0.45058286872782566,0.4438295517432208,0.6274397244546498,0.532312925170068,0.5088987764182424,0.47990945104697225,0.4815880322209436,0.455848623853211,0.42408963585434173,0.4378727634194831,0.4501541623843782,0.48757396449704143,0.5059847660500544,0.47320061255742724,0.48173130972456435,0.4419618528610354,0.46322778345250254,0.47494033412887826,0.4117647058823529,0.44860368389780153,0.3945766463752075,0.388228636106395,0.4743362831858407,0.4875886524822695,0.41287015945330297,0.4841089670828604,0.4824462061155153,0.4445073612684032,0.45261984392419174,0.3795986622073579,0.4094922737306843,0.4480225988700565,0.47479954180985107,0.46171560161197467,0.4676346037507562,0.4901277584204414,0.40906483075157773,0.48062463851937537,0.34510220334483677,0.4228491814698711,0.402801503245644,0.41221886539107083,0.3411887928777167,0.41917618553132574,0.3946410850148859,0.3881535407015222,0.37584978957591453,0.43730242360379346,0.4387966804979253,0.47702407002188185,0.4849012775842044,0.4782830863566684,0.4413309982486865,0.4883203559510567,0.4249460043196544,0.49088901159580345,0.47613504074505236,0.4511059371362049,0.4288164665523156,0.45188729399255717,0.4914438502673797,0.4711033274956217,0.4509918319719953
hsa:151,0.4620811287477954,0.47391070467993546,0.499725425590335,0.4918319719953326,0.4475073313782991,0.48831030818278426,0.48066875653082547,0.46448390677025525,0.42445620223398,0.4916810097532989,0.45418098510882016,0.5018888289260658,0.4672603457307491,0.4636279926335175,0.49868073878627966,0.47084762371386574,0.5861678004535147,1.0,0.46264196054991036,0.4849002849002849,0.4743436754176611,0.4636251541307028,0.4867456288776086,0.4340659340659341,0.5005482456140351,0.4760432766615147,0.4440697020798201,0.38350449293966626,0.4591312470808034,0.48597194388777554,0.4774774774774775,0.47604166666666664,0.45005149330587024,0.4620650313747861,0.5792751981879954,0.49858996051889454,0.5025352112676056,0.48582995951417,0.4694944799535154,0.46474735605170386,0.44110854503464203,0.4407894736842105,0.44357774310972437,0.48139255702280914,0.49724972497249725,0.4699792960662526,0.4766248574686431,0.45251396648044695,0.4720626631853786,0.4765672550213025,0.43171296296296297,0.45676004872107184,0.4308849045691151,0.41338813857897827,0.4679832435667265,0.47346451997614786,0.4323529411764706,0.4722063037249284,0.4781609195402299,0.4580908032596042,0.45952109464082097,0.40893271461716935,0.4356038923869491,0.4565972222222222,0.4703488372093023,0.4621700879765396,0.46281499692685923,0.4920071047957371,0.42350856467808623,0.48757396449704143,0.33643864785733296,0.4166958961767801,0.40096618357487923,0.4066937119675456,0.3315844700944386,0.4095966620305981,0.38907395069953365,0.38115845539280957,0.3756544502617801,0.4434876210979548,0.44644750795334043,0.4760845383759733,0.4866785079928952,0.4758942457231726,0.45788206979542717,0.4934696195343555,0.451035254616676,0.477728285077951,0.4759928867812685,0.45308788598574823,0.44549204478491455,0.4600326264274062,0.4867208672086721,0.46477205447010067,0.4651860744297719
hsa:3577,0.48032564450474896,0.46422128683102826,0.46941247728649305,0.4699738903394256,0.472430224642614,0.45369831100757135,0.43856655290102387,0.4706994328922495,0.46473029045643155,0.4768339768339768,0.4804506295559973,0.46108490566037735,0.45794392523364486,0.43341645885286784,0.4602534562211982,0.44456347080878417,0.450261780104712,0.46264196054991036,1.0,0.45448798988621997,0.4724677090414684,0.4705046197583511,0.46880907372400754,0.476878612716763,0.4510739856801909,0.45952109464082097,0.4691758598312784,0.3295718552937272,0.413741223671013,0.44462540716612375,0.4630914826498423,0.4626951995373048,0.4590354445090064,0.4700520833333333,0.4366685945633314,0.45185185185185184,0.4652605459057072,0.4758800521512386,0.479707252162342,0.4753877275792313,0.46653279785809904,0.4509132420091324,0.44756883421206795,0.4815068493150685,0.4577804583835947,0.4619377162629758,0.4770523594053006,0.47398843930635837,0.45993031358885017,0.470873786407767,0.4825700615174299,0.47491166077738517,0.47450713800135963,0.4526606772633034,0.48753462603878117,0.46847457627118644,0.4843205574912892,0.4710851202079272,0.4894875164257556,0.4844804318488529,0.4786885245901639,0.46482758620689657,0.48150638870208473,0.47565043362241494,0.4836557705136758,0.4874235214140041,0.49927745664739887,0.4756828780812791,0.4679218967921897,0.48954821308159135,0.28361458900381054,0.35633853977479113,0.35608522932466596,0.3463687150837989,0.2787456445993031,0.3451740222461428,0.3410825815405968,0.34264757247642336,0.3435561681598897,0.46097111247695144,0.4605183845690175,0.46904315196998125,0.4855218855218855,0.4634427173287277,0.492600422832981,0.46502835538752363,0.4704370179948586,0.468125,0.4783491204330176,0.4741913282863042,0.4968641114982578,0.47734326505276226,0.4686746987951807,0.47150610583446406,0.48850174216027875
hsa:5731,0.4667919799498747,0.45730337078651684,0.47461494580718766,0.5356687898089172,0.4585427135678392,0.46766169154228854,0.5143661971830986,0.4630281690140845,0.39779005524861877,0.48009650180940894,0.46719803801348864,0.48647125140924463,0.43513513513513513,0.4429115128449096,0.4875759249033683,0.449746192893401,0.5034013605442177,0.4849002849002849,0.45448798988621997,1.0,0.49613899613899615,0.4715984147952444,0.49012567324955114,0.43237971391417424,0.5063953488372093,0.4540106951871658,0.41695906432748536,0.3642319030461841,0.48528678304239403,0.4810924369747899,0.5211786372007366,0.48672566371681414,0.4401294498381877,0.4551475015051174,0.5034129692832765,0.5172205438066465,0.47685998828353837,0.4819571865443425,0.47280593325092707,0.4505562422744129,0.4080287597363691,0.41933788754598006,0.42779587404994573,0.4913294797687861,0.5126247798003524,0.4713271436373566,0.4669867947178872,0.4512123004139562,0.46626439934174435,0.5332885003362475,0.4177831912302071,0.4622395833333333,0.40325497287522605,0.3871165644171779,0.4961089494163424,0.5176240208877284,0.42528019925280197,0.49660284126003706,0.4929230769230769,0.4588744588744589,0.45949214026602175,0.3753012048192771,0.4101492537313433,0.4510403916768666,0.505369551484523,0.4788909892879647,0.4903268845897265,0.5121019108280255,0.40359578425294484,0.5034920634920635,0.3165001350256549,0.39684248295658414,0.3757469244288225,0.39023545706371193,0.3087337403769578,0.39223370146063413,0.3687074829931973,0.36156462585034016,0.35583027063147343,0.43357829282080274,0.44407158836689037,0.49108204518430437,0.5140845070422535,0.4865162355531095,0.46619446233097234,0.5137111517367459,0.4201973302379571,0.5017964071856288,0.5073954983922829,0.4637404580152672,0.4355942750466708,0.45668387837062535,0.5002888503755055,0.5009671179883946,0.4758842443729904
hsa:5732,0.4696868754163891,0.4550295857988166,0.47147147147147145,0.5213903743315508,0.46680080482897385,0.4617169373549884,0.45553021664766247,0.4765184721352536,0.44925575101488496,0.4780114722753346,0.4874835309617918,0.46230274693161894,0.44412607449856734,0.43252595155709345,0.4622857142857143,0.44503451938396177,0.4642233856893543,0.4743436754176611,0.4724677090414684,0.49613899613899615,1.0,0.48756218905472637,0.4700374531835206,0.46979388770433544,0.4715398442180947,0.4590626764539808,0.449936628643853,0.33576400397746103,0.43513377082281673,0.4435483870967742,0.4819734345351044,0.465556831228473,0.459412780656304,0.46563904945407836,0.47442680776014107,0.47303161810291383,0.48383084577114427,0.4866796621182586,0.4779750164365549,0.47368421052631576,0.45341207349081364,0.43753501400560224,0.4480557167730702,0.498971898560658,0.47403381642512077,0.4622857142857143,0.47634271099744246,0.4733163913595934,0.4619815668202765,0.5,0.46395193591455275,0.48140350877192983,0.4437129690585912,0.43454790823211875,0.4775510204081633,0.4959016393442623,0.4633152173913043,0.5062541145490455,0.48669695003244645,0.4699272967614012,0.47603626943005184,0.4244031830238727,0.450814332247557,0.47396176664469347,0.48874172185430464,0.48058902275769744,0.4992857142857143,0.491672218520986,0.45522898154477104,0.48470744680851063,0.28769356153219233,0.3670425609312477,0.35642498205312273,0.3547486033519553,0.28071581196581197,0.3586604249189773,0.3475398475398475,0.3463278802645319,0.3411965811965812,0.46402439024390246,0.46002386634844866,0.4952741020793951,0.4976494291470786,0.4612756264236902,0.48132780082987553,0.48859315589353614,0.45591939546599497,0.4821986258588382,0.49864314789687925,0.4805194805194805,0.4606590450571621,0.4552058111380145,0.47160789001793185,0.5432793807178043,0.48046607265250174
