,hsa11254,hsa6534,hsa11280,hsa6331,hsa6336,hsa6529,hsa6530,hsa6531,hsa6532,hsa116444,hsa2902,hsa2903,hsa2904,hsa2905,hsa2906,hsa1134,hsa1135,hsa1136,hsa1137,hsa1138,hsa1139,hsa55584,hsa57053,hsa8973,hsa3758,hsa2554,hsa2555,hsa2556,hsa2557,hsa2558,hsa2559,hsa2560,hsa2561,hsa2562,hsa2563,hsa2564,hsa2566,hsa2567,hsa2569,hsa55879,hsa1080,hsa3783,hsa6261,hsa6262,hsa6263,hsa3757,hsa51802,hsa55515,hsa55800,hsa6324,hsa6328,hsa6329,hsa6330,hsa6332,hsa6337,hsa6338,hsa6339,hsa6340,hsa9311,hsa285242,hsa3359,hsa9177,hsa2570,hsa2741,hsa2742,hsa2743,hsa10008,hsa169522,hsa23630,hsa23704,hsa26251,hsa27012,hsa27094,hsa27133,hsa27345,hsa2890,hsa2891,hsa2892,hsa2893,hsa3736,hsa3737,hsa3738,hsa3739,hsa3741,hsa3742,hsa3743,hsa3744,hsa3745,hsa3746,hsa3747,hsa3748,hsa3749,hsa3750,hsa3751,hsa3752,hsa3753,hsa3754,hsa3755,hsa3756,hsa3759,hsa3760,hsa3761,hsa3762,hsa3763,hsa3764,hsa3765,hsa3766,hsa3768,hsa3769,hsa3772,hsa3773,hsa3775,hsa3778,hsa3779,hsa3780,hsa3781,hsa3782,hsa3784,hsa3785,hsa3786,hsa3787,hsa3788,hsa3790,hsa50801,hsa51305,hsa54207,hsa56479,hsa56659,hsa57657,hsa60598,hsa6833,hsa7881,hsa81033,hsa83795,hsa8514,hsa8645,hsa89822,hsa90134,hsa9132,hsa93107,hsa9312,hsa9424,hsa9992,hsa773,hsa775,hsa776,hsa778,hsa779,hsa10369,hsa116443,hsa27092,hsa3708,hsa3710,hsa5310,hsa55503,hsa55799,hsa59284,hsa774,hsa777,hsa781,hsa782,hsa783,hsa784,hsa785,hsa786,hsa8911,hsa8912,hsa8913,hsa8989,hsa9254,hsa93589,hsa3767,hsa6323,hsa6326,hsa6334,hsa6335,hsa1141,hsa1145,hsa22953,hsa5023,hsa5024,hsa5025,hsa5026,hsa5027,hsa9127,hsa2897,hsa56660,hsa170572,hsa200909,hsa3776,hsa40,hsa41,hsa57192,hsa7225,hsa1140,hsa1144,hsa2895,hsa2899,hsa2900,hsa2901,hsa8001,hsa10060,hsa2898,hsa1181
hsa11254,1,0.03228346456692913,0.0,0.0003773584905660377,0.0,0.017842660178426603,0.019184652278177457,0.012759170653907496,0.013449367088607595,0.0011926058437686344,0.0,0.00047664442326024784,0.00047214353163361664,0.0,0.0,0.0,0.0,0.0,0.0,0.0,0.0,0.0,0.0,0.0,0.0,0.0,0.0,0.0,0.0,0.0,0.0,0.0,0.0,0.0,0.001841620626151013,0.0,0.0,0.0,0.0,0.0,0.0,0.000942507068803016,0.0001763046544428773,0.0,0.0001816860465116279,0.0016731734523145567,0.0,0.0,0.0,0.0011737089201877935,0.0,0.0004048582995951417,0.0,0.0,0.0,0.0,0.0006963788300835655,0.0,0.0,0.0,0.0008992805755395684,0.0,0.0,0.0,0.0,0.0,0.0,0.0,0.0,0.0,0.0009090909090909091,0.0008818342151675485,0.0,0.0,0.0,0.0,0.0,0.002617801047120419,0.0,0.0,0.00088261253309797,0.0,0.0,0.0008019246190858059,0.0,0.0,0.0,0.0,0.0,0.0007861635220125787,0.0,0.0,0.0,0.0,0.0,0.0,0.0,0.0008718395815170009,0.0,0.0,0.0,0.0,0.0,0.0,0.0,0.0,0.0,0.0,0.0,0.0,0.0,0.0,0.0,0.0,0.0008496176720475786,0.0,0.0,0.0,0.0,0.0006640106241699867,0.0017241379310344827,0.0018001800180018,0.0008888888888888889,0.0,0.0,0.0008532423208191126,0.0,0.0009596928982725527,0.0007102272727272727,0.0,0.0,0.0,0.0006142506142506142,0.0,0.0,0.0,0.0,0.000546448087431694,0.0,0.0008673026886383347,0.0,0.0,0.0,0.0,0.0003502626970227671,0.0,0.0007659900421294523,0.00039888312724371757,0.0,0.0005717552887364208,0.0,0.0005922416345869114,0.0,0.0,0.0,0.0005797101449275362,0.0,0.0,0.00033932813030200206,0.0005797101449275362,0.0008116883116883117,0.0,0.0,0.0,0.0,0.0007000350017500875,0.0006695681285570807,0.001328462304882099,0.0,0.0,0.0016939582156973462,0.0,0.0,0.0,0.0,0.0,0.0,0.0,0.0009049773755656109,0.0,0.0,0.0,0.000946969696969697,0.0,0.0,0.0,0.0009398496240601503,0.0,0.0009191176470588235,0.0009433962264150943,0.0,0.0,0.0008237232289950577,0.0012779552715654952,0.0,0.0008688097306689834,0.0,0.0,0.0006289308176100629,0.0,0.0,0.0,0.0,0.0
hsa6534,0.03228346456692913,1,0.0,0.0,0.0,0.013854930725346373,0.016867469879518072,0.016826923076923076,0.017488076311605722,0.0005984440454817474,0.0,0.0014340344168260039,0.0014204545454545455,0.0010746910263299302,0.0005091649694501018,0.0,0.0,0.0,0.0007968127490039841,0.0,0.0,0.0,0.0,0.0,0.0009813542688910696,0.0,0.0,0.0,0.0,0.0,0.0,0.0009074410163339383,0.0017543859649122807,0.0018165304268846503,0.002777777777777778,0.001763668430335097,0.0,0.0,0.0,0.0007936507936507937,0.0009487666034155598,0.0009478672985781991,0.0008824567596187787,0.0010723860589812334,0.0010913059294288831,0.0,0.0,0.0,0.0,0.0,0.0,0.0,0.0,0.0,0.0007710100231303007,0.0,0.0,0.0,0.0,0.0009225092250922509,0.0,0.0009354536950420954,0.0,0.0,0.0,0.0008888888888888889,0.0,0.0,0.0,0.0,0.0,0.0008865248226950354,0.0,0.0012376237623762376,0.0,0.0,0.0,0.0,0.0,0.0,0.0,0.0,0.0,0.0,0.0,0.0,0.0,0.0,0.0,0.0,0.0,0.0,0.0,0.0,0.000779423226812159,0.0,0.0,0.0,0.0006184291898577613,0.0,0.0,0.0,0.0009551098376313276,0.0,0.0,0.0,0.0,0.0,0.0,0.0,0.0,0.0,0.0,0.0,0.0,0.0,0.0,0.0007668711656441718,0.0006666666666666666,0.0013333333333333333,0.0025996533795493936,0.0,0.0008936550491510277,0.0019588638589618022,0.0,0.0008576329331046312,0.0,0.0,0.0028530670470756064,0.0,0.0,0.0,0.0,0.0,0.0,0.0,0.0,0.0,0.0,0.0,0.001299545159194282,0.0,0.0,0.0003190810465858328,0.0,0.0,0.0,0.0,0.0,0.0,0.0,0.0002966478789676654,0.0003031221582297666,0.00020279862096937742,0.0,0.0,0.0,0.0,0.00034002040122407346,0.0,0.0,0.0015527950310559005,0.0,0.0,0.0,0.00035075412136092597,0.0003354579000335458,0.0,0.0,0.0005624296962879641,0.0,0.0,0.0003792188092529389,0.00037979491074819596,0.0,0.0,0.0,0.0,0.0,0.0,0.0,0.0,0.0,0.0008176614881439084,0.0009354536950420954,0.0,0.0,0.0009302325581395349,0.0,0.0009487666034155598,0.0,0.0008650519031141869,0.0016556291390728477,0.0,0.0008857395925597874,0.0017467248908296944,0.0,0.0,0.0,0.0,0.0,0.0,0.0,0.0
hsa11280,0.0,0.0,1,0.07159778889181363,0.07274672372292057,0.0,0.0004166666666666667,0.0004161464835622139,0.0004144218814753419,0.0,0.0,0.0009239297813366184,0.001224364860728497,0.000663129973474801,0.0009618467457518436,0.0004415011037527594,0.0,0.0,0.0,0.0,0.0,0.0004420866489832007,0.0013434841021047917,0.0,0.0,0.0,0.0,0.0,0.0,0.0,0.0,0.0,0.0,0.0004432624113475177,0.00044742729306487697,0.0,0.0,0.00044444444444444447,0.0,0.0012422360248447205,0.00030646644192460924,0.00045248868778280545,0.00043981820847383083,0.0011851851851851852,0.0010521569216894633,0.0006798096532970768,0.00043706293706293706,0.0004306632213608958,0.0,0.0,0.06423473433782712,0.060237634705719814,0.0,0.013275613275613276,0.0,0.0012381345439537762,0.0011605415860735009,0.00041118421052631577,0.0,0.0,0.0004422821760283061,0.0008992805755395684,0.0,0.0004464285714285714,0.0008948545861297539,0.0004385964912280702,0.0,0.0,0.0,0.0005120327700972862,0.0017785682525566918,0.001314060446780552,0.0,0.00036088054853843375,0.0005017561465127947,0.0003718854592785422,0.0007501875468867217,0.00037355248412401944,0.00037243947858472997,0.0021949078138718174,0.0017528483786152498,0.0021204410517387615,0.002052545155993432,0.001669449081803005,0.0025951557093425604,0.0008932559178204555,0.0017436791630340018,0.0003786444528587656,0.00043591979075850045,0.0004130524576621231,0.0003937007874015748,0.0008271298593879239,0.0012345679012345679,0.0012432656444260257,0.002050861361771944,0.0,0.0,0.0017421602787456446,0.00036075036075036075,0.0,0.0,0.0,0.0,0.0,0.0,0.0,0.0,0.0,0.0,0.0,0.0,0.0,0.0003312355084465055,0.0010131712259371835,0.0008598452278589854,0.0003885003885003885,0.0003977724741447892,0.0008133387555917039,0.0,0.0003766478342749529,0.00043308791684711995,0.0004424778761061947,0.0013192612137203166,0.00045955882352941176,0.0,0.0008616975441619991,0.0,0.0,0.0,0.0,0.0017835909631391202,0.0,0.0007202016564638099,0.0009560229445506692,0.0,0.0,0.002364066193853428,0.000671366230278617,0.0,0.0008688097306689834,0.0003711952487008166,0.0,0.0,0.0034973187223128937,0.004495504495504496,0.005324543610547667,0.006648936170212766,0.0038293216630196935,0.0,0.0003450655624568668,0.0,0.0004418912947414936,0.001796138302649304,0.0011501807426881367,0.0,0.0,0.0,0.00363901018922853,0.003173828125,0.0003479471120389701,0.0008399832003359933,0.00040933278755628325,0.0,0.0004342162396873643,0.0,0.0022466300549176237,0.0021760154738878143,0.003125,0.00034458993797381116,0.0,0.0,0.0,0.059862869198312234,0.06362196409714889,0.055806537337230934,0.06702127659574468,0.0,0.0004393673110720562,0.0013309671694764862,0.0,0.0,0.0,0.00045351473922902497,0.0008410428931875525,0.0,0.00037023324694557573,0.0009037505648441031,0.0004484304932735426,0.0,0.0004526935264825713,0.00043572984749455336,0.0,0.0012695725772323319,0.0,0.0017513134851138354,0.0004347826086956522,0.00035842293906810036,0.0007401924500370096,0.0,0.0,0.0008900756564307966,0.000900360144057623,0.0007432181345224824,0.0007459903021260724
hsa6331,0.0003773584905660377,0.0,0.07159778889181363,1,0.1279011099899092,0.0007671653241273494,0.0007619047619047619,0.0,0.0003790750568612585,0.0006555227794165847,0.00033944331296673454,0.000576036866359447,0.000286368843069874,0.000617093489663684,0.0014952153110047847,0.00040160642570281126,0.0,0.0007958615200955034,0.0003795066413662239,0.0004038772213247173,0.0007968127490039841,0.0,0.0004068348250610252,0.0003996802557953637,0.00041684035014589413,0.0,0.0,0.0,0.0,0.0,0.0,0.0008058017727639,0.0003968253968253968,0.0008061265618702137,0.0,0.0011933174224343676,0.00040404040404040404,0.00040404040404040404,0.0,0.0007575757575757576,0.0011467889908256881,0.0,0.0018450184501845018,0.00043010752688172043,0.0007269555103227683,0.0006315124723713293,0.0003979307600477517,0.00039261876717707107,0.000449842555105713,0.0008984725965858042,0.15194610778443113,0.14125910509885536,0.0008944543828264759,0.028184281842818428,0.00037355248412401944,0.00037764350453172205,0.0010676156583629894,0.0,0.0,0.00040584415584415587,0.0012067578439259854,0.0012249897917517355,0.0,0.0008113590263691683,0.0008130081300813008,0.0,0.0,0.0003916960438699569,0.0,0.0,0.0008084074373484236,0.0011961722488038277,0.0,0.0006675567423230974,0.0004508566275924256,0.00034317089910775565,0.0003459010722933241,0.0006891798759476223,0.0003436426116838488,0.0011985617259288853,0.0015955325089748703,0.001548586914440573,0.001503194287861706,0.0011446012972148034,0.0015766653527788726,0.0008116883116883117,0.0015879317189360857,0.0006978367062107466,0.0,0.0,0.0003616636528028933,0.0,0.0011299435028248588,0.0011372251705837756,0.0011265490048817123,0.0004679457182966776,0.0003996802557953637,0.0015866719555731853,0.000333667000333667,0.0004106776180698152,0.0,0.0,0.00041203131437989287,0.00041135335252982314,0.00041118421052631577,0.0,0.0,0.0,0.0,0.0,0.00041220115416323167,0.0,0.0015413070283600493,0.0,0.0,0.0003572704537334762,0.0007301935012778386,0.0007451564828614009,0.0010416666666666667,0.00034722222222222224,0.0,0.0008048289738430583,0.0012004801920768306,0.00041649312786339027,0.00041981528127623844,0.0,0.0003401360544217687,0.0012417218543046358,0.0017972681524083393,0.000427715996578272,0.0011145165784341043,0.0008240626287597857,0.00033311125916055963,0.0008631851532153647,0.0004210526315789474,0.00039888312724371757,0.0017094017094017094,0.00031210986267166043,0.0003699593044765076,0.002374356944994064,0.0,0.00043084877208099956,0.0,0.004209127159946832,0.004965712934499882,0.004557447829215639,0.004015056461731493,0.0028343210512754443,0.0,0.0009606147934678194,0.0,0.0008419280151547042,0.0006411626415900834,0.0028521628901917286,0.0,0.00032268473701193933,0.0,0.003680699332873246,0.003934274473501504,0.0006453694740238787,0.0015349194167306216,0.0011244377811094452,0.0004012841091492777,0.0,0.0004484304932735426,0.004017962656582368,0.004356798899335015,0.0031927023945267957,0.0009593859929645027,0.0009499683343888537,0.0003179650238473768,0.00043271311120726956,0.14388847398556137,0.14752055818589585,0.14844533600802406,0.13776662484316185,0.0,0.0007996801279488205,0.0008067769261799112,0.0,0.0004158004158004158,0.0008347245409015025,0.0,0.001152516327314637,0.0004083299305839118,0.0,0.002050861361771944,0.0004073319755600815,0.0,0.0,0.0,0.0,0.0015455950540958269,0.0,0.0015942606616181746,0.0,0.0006633499170812604,0.00034164673727365904,0.00033738191632928474,0.0006693440428380187,0.0012135922330097086,0.001967950520101209,0.0003429355281207133,0.00034411562284927734
hsa6336,0.0,0.0,0.07274672372292057,0.1279011099899092,1,0.00039261876717707107,0.0007797270955165692,0.0003894080996884735,0.0003878975950349108,0.0010030090270812437,0.0,0.0005861664712778429,0.0002913752913752914,0.0006287331027978623,0.002131546894031669,0.00041152263374485596,0.0004037141703673799,0.0,0.0003883495145631068,0.0,0.00040816326530612246,0.0,0.0004170141784820684,0.0,0.0,0.0,0.0,0.0004098360655737705,0.0,0.0008298755186721991,0.0,0.00041288191577208916,0.0004065040650406504,0.0004130524576621231,0.0004166666666666667,0.0008149959250203749,0.00041407867494824016,0.00041407867494824016,0.00041203131437989287,0.0015503875968992248,0.0014585764294049008,0.0,0.001145147437732608,0.0005784526391901663,0.001026694045174538,0.000643707756678468,0.0008153281695882593,0.0004020908725371934,0.0,0.0,0.103596757852077,0.09936575052854123,0.00045955882352941176,0.01928374655647383,0.0011463507833397019,0.0003863987635239567,0.0007272727272727272,0.0,0.0,0.0,0.0,0.0016743407283382169,0.0004144218814753419,0.0004158004158004158,0.0008333333333333334,0.0,0.00048756704046806434,0.00040112314480545525,0.0,0.00047214353163361664,0.002071251035625518,0.0012254901960784314,0.0,0.0003405994550408719,0.0,0.001051156271899089,0.0007064641469445425,0.0007037297677691766,0.0007017543859649122,0.0008186655751125665,0.0008173273395995096,0.0011890606420927466,0.0011534025374855825,0.0011714174150722373,0.0016148566814695195,0.0008319467554076539,0.0012200081333875558,0.001781895937277263,0.00040666937779585197,0.0003866976024748647,0.0011090573012939,0.0007742934572202865,0.0003853564547206166,0.0007757951900698216,0.000768344218209758,0.00048146364949446316,0.0004095004095004095,0.0016253555465258025,0.0006809669731018045,0.0,0.0,0.0004178854993731718,0.0,0.0,0.00042158516020236085,0.0,0.0004297378599054577,0.00041999160016799666,0.0004332755632582322,0.0,0.0,0.0,0.000628140703517588,0.0,0.0,0.0,0.0003732736095558044,0.0007621951219512195,0.0024822695035460994,0.0003546099290780142,0.0,0.0,0.0004100041000410004,0.00042716787697565144,0.0008613264427217916,0.0,0.0,0.0,0.0003673769287288758,0.0004389815627743635,0.0019835647492207425,0.0004224757076468103,0.0003399048266485384,0.0,0.0,0.0004086636697997548,0.0021929824561403508,0.0,0.00037835792659856227,0.002837454398054317,0.001049317943336831,0.0,0.0,0.003143242029636282,0.004557447829215639,0.002433682161109759,0.0035668789808917197,0.004972520282648521,0.0,0.0,0.00043956043956043956,0.0006395224898742272,0.00021649707728945658,0.0009598464245720685,0.0007371913011426465,0.0009871668311944718,0.0,0.003965477023559599,0.0032856137057028865,0.0006581112207963146,0.001178318931657502,0.0,0.0008223684210526315,0.0,0.0,0.002397506593143131,0.00372006510113927,0.004624277456647399,0.0,0.0009683666881859264,0.0006482982171799027,0.000444247001332741,0.096790497851908,0.09992410827219833,0.0964867617107943,0.09019108280254777,0.0,0.0,0.0,0.00042607584149978694,0.00042643923240938164,0.0,0.0,0.00039323633503735744,0.0,0.0003489183531053733,0.001682085786375105,0.0008350730688935282,0.0,0.0,0.0,0.0,0.0011867088607594937,0.0,0.0016333197223356473,0.0,0.0,0.0006975933031042902,0.0003443526170798898,0.0,0.00041459369817578774,0.001143837575064341,0.00035014005602240897,0.0017568517217146872
hsa6529,0.017842660178426603,0.013854930725346373,0.0,0.0007671653241273494,0.00039261876717707107,1,0.023178807947019868,0.01486374896779521,0.011466011466011465,0.0006119951040391676,0.0,0.0,0.00048192771084337347,0.0005482456140350877,0.0005189413596263622,0.0009319664492078285,0.0,0.0,0.0,0.0,0.0009149130832570906,0.0,0.0,0.0,0.0,0.0009551098376313276,0.0009596928982725527,0.0009233610341643582,0.0,0.000949667616334283,0.0,0.0,0.001813236627379873,0.0,0.0009587727708533077,0.0,0.0,0.0,0.0,0.0,0.0004828585224529213,0.0,0.0,0.0001799208348326736,0.0003662332906061161,0.0,0.0,0.0,0.0,0.0,0.0007719027402547279,0.0008240626287597857,0.0,0.0004399472063352398,0.0,0.0,0.0,0.0,0.0,0.0,0.0,0.0,0.0,0.0,0.0,0.0009191176470588235,0.0,0.0,0.0,0.0,0.0,0.0,0.0,0.0,0.0,0.0013360053440213762,0.0013568521031207597,0.0013468013468013469,0.0006697923643670462,0.0,0.0,0.0,0.0,0.0,0.0,0.0009551098376313276,0.0,0.0,0.0,0.0,0.0,0.0,0.0,0.0,0.0,0.0,0.0009216589861751152,0.0,0.0,0.0,0.0,0.0,0.0,0.0009861932938856016,0.0009852216748768472,0.0,0.0,0.0009765625,0.0,0.0,0.0009910802775024777,0.0,0.0,0.0,0.0,0.0,0.0007564296520423601,0.0,0.0,0.000683526999316473,0.0008952551477170994,0.0,0.0,0.0,0.0,0.0008857395925597874,0.0,0.0,0.0007326007326007326,0.0,0.0009208103130755065,0.0009900990099009901,0.0,0.0,0.0010438413361169101,0.0,0.0,0.0,0.0,0.0,0.0,0.0,0.0,0.00032289312237649337,0.0,0.0,0.0003894080996884735,0.00040584415584415587,0.0010940919037199124,0.0,0.0010893246187363835,0.0005998800239952009,0.0006131207847946045,0.001021659174499387,0.0,0.0,0.0011547344110854503,0.00034129692832764505,0.0006887052341597796,0.0,0.0,0.0,0.0,0.0,0.0,0.0024875621890547263,0.0010190217391304348,0.0006738544474393531,0.0,0.0,0.0005787037037037037,0.0,0.0003846153846153846,0.0003852080123266564,0.00038895371450797355,0.0003894080996884735,0.0009149130832570906,0.0,0.0,0.00202020202020202,0.0,0.0,0.0009871668311944718,0.0,0.0,0.0,0.0,0.0,0.0,0.0009832841691248771,0.0,0.0,0.0,0.0,0.0,0.0,0.0,0.0,0.0,0.001273074474856779,0.0,0.00046728971962616824,0.00066711140760507,0.0
hsa6530,0.019184652278177457,0.016867469879518072,0.0004166666666666667,0.0007619047619047619,0.0007797270955165692,0.023178807947019868,1,0.09601301871440195,0.03631961259079903,0.002421307506053269,0.0,0.000964785335262904,0.0009555661729574773,0.0,0.0005141388174807198,0.0,0.0,0.0,0.0,0.002785515320334262,0.0,0.0,0.0009442870632672333,0.0009066183136899365,0.0,0.0,0.0009433962264150943,0.0,0.0,0.0,0.0,0.0009233610341643582,0.0008920606601248885,0.0009242144177449168,0.000942507068803016,0.0,0.0,0.0009293680297397769,0.0,0.0,0.0,0.0019305019305019305,0.00017708517797060386,0.0001793400286944046,0.0009125752874612155,0.0,0.0,0.0008710801393728223,0.0,0.0,0.0003832886163280951,0.00040899795501022495,0.0,0.0008729812309035355,0.0,0.0,0.0,0.0,0.0,0.0,0.0,0.0,0.0,0.0,0.0,0.0,0.0,0.0,0.0,0.0,0.0009302325581395349,0.002705139765554554,0.0,0.0,0.001221001221001221,0.0006600660066006601,0.0006702412868632708,0.0006653359946773121,0.0006618133686300463,0.0,0.0,0.0,0.0,0.0,0.0,0.0009389671361502347,0.0,0.0,0.0,0.0008019246190858059,0.0,0.0008038585209003215,0.0,0.0,0.0007911392405063291,0.0,0.0,0.0,0.0,0.0,0.0,0.0,0.0,0.0,0.0,0.0,0.0,0.0,0.0,0.0,0.0,0.0,0.0,0.0,0.0,0.0,0.0,0.0,0.0,0.0006752194463200541,0.0,0.0,0.0,0.0,0.0,0.0008718395815170009,0.0,0.0,0.0007230657989877079,0.0,0.0,0.0,0.0,0.0,0.0,0.0,0.0,0.0,0.0,0.0,0.0,0.0,0.0,0.0006420545746388443,0.0010600706713780918,0.0007220216606498195,0.0,0.0,0.0,0.0017401392111368909,0.0,0.0,0.0,0.0008143322475570033,0.000727802037845706,0.0,0.0,0.00033921302578018993,0.0013689253935660506,0.0,0.0,0.0,0.0,0.0,0.0,0.001059322033898305,0.0006752194463200541,0.0010046885465505692,0.0,0.0005685048322910744,0.0,0.0010964912280701754,0.0003819709702062643,0.00038255547054322876,0.0003862495171881035,0.0003866976024748647,0.0,0.0,0.0,0.0,0.0,0.0,0.0,0.0,0.0,0.0,0.0019249278152069298,0.0,0.0,0.0,0.0,0.0,0.002523128679562658,0.0,0.0,0.0008880994671403197,0.0,0.0006544502617801048,0.0,0.0,0.0,0.0004633920296570899,0.0006591957811470006,0.0
hsa6531,0.012759170653907496,0.016826923076923076,0.0004161464835622139,0.0,0.0003894080996884735,0.01486374896779521,0.09601301871440195,1,0.02818035426731079,0.0,0.0,0.0,0.0,0.0,0.000513347022587269,0.0,0.0,0.0,0.0,0.0,0.0,0.0,0.0,0.0,0.0,0.0,0.0009407337723424271,0.0,0.0,0.0,0.0,0.0,0.0008896797153024911,0.0,0.0009398496240601503,0.0,0.0,0.0009267840593141798,0.0,0.0,0.0,0.0,0.00035398230088495576,0.0001792435920415845,0.00036483035388544326,0.0,0.0,0.0,0.0,0.0,0.00038284839203675346,0.0004084967320261438,0.0,0.00043591979075850045,0.00078064012490242,0.0007987220447284345,0.0,0.0,0.0,0.0018726591760299626,0.0,0.0,0.0,0.0,0.0,0.0009017132551848512,0.0,0.000864304235090752,0.0,0.0,0.0,0.0008992805755395684,0.0,0.0,0.0,0.0006587615283267457,0.0006688963210702341,0.0006640106241699867,0.0006605019815059445,0.0009033423667570009,0.0009000900090009,0.0008424599831508003,0.0007905138339920949,0.0008163265306122449,0.0008764241893076249,0.0,0.0,0.0006802721088435374,0.0,0.0,0.0,0.0,0.0,0.0,0.0,0.0,0.0,0.0,0.0,0.0,0.0,0.0,0.0,0.0,0.0009652509652509653,0.0009950248756218905,0.0,0.0,0.0,0.0,0.0,0.0,0.0,0.0,0.0,0.0,0.0,0.0,0.0,0.0,0.0,0.0,0.0,0.0,0.0,0.0008695652173913044,0.0,0.0,0.0,0.0,0.0009119927040583675,0.0,0.0,0.0,0.0,0.0,0.0,0.0005530973451327434,0.0,0.0,0.0006565988181221273,0.0,0.0,0.0,0.00035298270384751147,0.0003606202668589975,0.0003862495171881035,0.0012072434607645875,0.0,0.0,0.0,0.00029806259314456036,0.0006091989034419738,0.0008138351983723296,0.0007262164124909223,0.0005871990604815032,0.0,0.0,0.0006837606837606838,0.0005871990604815032,0.0,0.0007861635220125787,0.0,0.0,0.0,0.0003527336860670194,0.0,0.0006691201070592171,0.0,0.0005675368898978433,0.0005717552887364208,0.0,0.00038153376573826786,0.00038211692777990065,0.00038580246913580245,0.0,0.0,0.0,0.0,0.0019782393669634025,0.0,0.0,0.0,0.0,0.000949667616334283,0.00130718954248366,0.0,0.0018885741265344666,0.0009380863039399625,0.0,0.0,0.0,0.0,0.0006480881399870382,0.0,0.0,0.0,0.0013063357282821686,0.0,0.0,0.0,0.0009254974548819991,0.0013157894736842105,0.0
hsa6532,0.013449367088607595,0.017488076311605722,0.0004144218814753419,0.0003790750568612585,0.0003878975950349108,0.011466011466011465,0.03631961259079903,0.02818035426731079,1,0.0,0.0,0.0,0.0,0.0,0.0,0.0,0.0,0.0,0.0,0.0,0.0,0.0,0.0,0.0,0.0,0.0,0.0,0.0,0.0008503401360544217,0.0,0.0,0.0,0.0,0.0,0.002793296089385475,0.0,0.0,0.0,0.0,0.0,0.0,0.0,0.00035335689045936394,0.0,0.0003641660597232338,0.0005614823133071309,0.0,0.0,0.0,0.0,0.0007627765064836003,0.0004068348250610252,0.001176470588235294,0.0,0.000774593338497289,0.0,0.0,0.0,0.0,0.0,0.0,0.0,0.0,0.0,0.0,0.0,0.0,0.0,0.0,0.0,0.0,0.00089126559714795,0.0,0.0,0.0,0.0013089005235602095,0.000664451827242525,0.0006596306068601583,0.0006561679790026247,0.0008952551477170994,0.0008920606601248885,0.000835421888053467,0.000784313725490196,0.0008097165991902834,0.0008688097306689834,0.0018552875695732839,0.00088261253309797,0.0,0.0,0.0,0.0,0.0,0.0,0.0007987220447284345,0.0007830853563038371,0.0,0.0,0.000881057268722467,0.0,0.0,0.0,0.0,0.0,0.0,0.0,0.0,0.0,0.0,0.0,0.0,0.0,0.0,0.0,0.0,0.0,0.0,0.0,0.0,0.0,0.0,0.0008710801393728223,0.0,0.0,0.0009852216748768472,0.0,0.0017241379310344827,0.0,0.000970873786407767,0.0,0.0021008403361344537,0.0040853381752156154,0.0,0.0,0.0,0.0,0.0,0.0,0.0,0.0,0.0,0.0,0.0,0.0,0.0019181585677749361,0.0,0.0,0.0007695267410542517,0.0,0.0,0.0005757052389176742,0.0,0.0,0.0,0.0010152284263959391,0.0,0.0,0.0,0.0010131712259371835,0.002385008517887564,0.0,0.0,0.0,0.0,0.0,0.0,0.0,0.0003361344537815126,0.0006668889629876625,0.0,0.0,0.0,0.0,0.0007601672367920942,0.0007613247049866769,0.0007686395080707148,0.0007695267410542517,0.0,0.0,0.0009149130832570906,0.0,0.0,0.0,0.0,0.0008216926869350862,0.0,0.0,0.0009505703422053232,0.0,0.0,0.0009541984732824427,0.0,0.0,0.0,0.0,0.0,0.000877963125548727,0.0,0.0,0.0,0.0006242197253433209,0.0,0.0023030861354214646,0.0,0.0006578947368421052
hsa116444,0.0011926058437686344,0.0005984440454817474,0.0,0.0006555227794165847,0.0010030090270812437,0.0006119951040391676,0.002421307506053269,0.0,0.0,1,0.0030410542321338066,0.0028011204481792717,0.0031758634378721714,0.003527336860670194,0.003795866722901729,0.0,0.0006393861892583121,0.0,0.0006016847172081829,0.0013306719893546241,0.0,0.0,0.0,0.0,0.0,0.0,0.0,0.0006548788474132286,0.0006293266205160479,0.0,0.0,0.0,0.0,0.000663129973474801,0.0006724949562878278,0.0006489292667099286,0.0013315579227696406,0.0006657789613848203,0.0,0.0005998800239952009,0.0019880715705765406,0.0006839945280437756,0.0016466326362588506,0.000999666777740753,0.0005080440304826418,0.00045578851412944393,0.0,0.0,0.0,0.0015961691939345571,0.0006589785831960461,0.00034831069313827936,0.0,0.000368052999631947,0.0,0.0005970149253731343,0.002177463255307567,0.0,0.002554278416347382,0.0,0.0,0.0,0.0,0.0006702412868632708,0.0013449899125756557,0.0,0.0,0.0006329113924050633,0.0008496176720475786,0.0,0.0013324450366422385,0.0006514657980456026,0.0,0.0004943153732081067,0.0,0.004121586810922205,0.005213764337851929,0.004665629860031105,0.0036138358286009293,0.00065359477124183,0.0,0.0012422360248447205,0.0005924170616113745,0.0006067961165048543,0.0006393861892583121,0.0006706908115358819,0.0,0.0005282620179609086,0.000646830530401035,0.0,0.0,0.0,0.0011890606420927466,0.0,0.0,0.0,0.0,0.0,0.0,0.0,0.0,0.0006756756756756757,0.000687757909215956,0.0,0.0,0.0007002801120448179,0.0,0.0006811989100817438,0.0007168458781362007,0.0007092198581560284,0.0,0.0014587892049598833,0.0,0.0,0.0006337135614702154,0.000547645125958379,0.0016987542468856172,0.0,0.0005243838489774515,0.0,0.0,0.0,0.0,0.0007002801120448179,0.0,0.0006357279084551812,0.0,0.0,0.002763957987838585,0.0007326007326007326,0.0011467889908256881,0.000687757909215956,0.0009857072449482504,0.001488095238095238,0.0007132667617689016,0.0,0.001463057790782736,0.00044822949350067237,0.0005780346820809249,0.0,0.0005138746145940391,0.000741839762611276,0.0,0.001412030499858797,0.0006142506142506142,0.0006257822277847309,0.0006640106241699867,0.0010316368638239339,0.0,0.06279069767441861,0.0,0.0005293806246691371,0.0005396654074473826,0.0016860247283626826,0.0005555555555555556,0.0,0.0,0.0008891523414344991,0.0011947431302270011,0.0,0.0,0.0,0.0006583278472679394,0.0012861736334405145,0.0,0.0003069367710251688,0.0008854781582054309,0.0014654161781946073,0.0,0.0,0.0,0.0,0.000657030223390276,0.0006578947368421052,0.0003316749585406302,0.00033200531208499334,0.0,0.0013089005235602095,0.0,0.0,0.0,0.0,0.0006863417982155113,0.0,0.0006775067750677507,0.00409626216077829,0.0006825938566552901,0.0,0.0,0.0,0.0006464124111182935,0.0,0.001238390092879257,0.0,0.0,0.001288659793814433,0.004407443682664055,0.006653019447287615,0.0045203415369161224,0.0034739454094292804,0.0,0.0007739938080495357,0.005661348430262481,0.0005173305742369374
hsa2902,0.0,0.0,0.0,0.00033944331296673454,0.0,0.0,0.0,0.0,0.0,0.0030410542321338066,1,0.004177109440267335,0.003728251864125932,0.005085529357374018,0.005736981465136805,0.002124645892351275,0.0,0.0,0.0,0.0,0.0006983240223463687,0.0,0.0,0.0007022471910112359,0.0,0.0,0.0,0.0,0.0006738544474393531,0.0,0.0007230657989877079,0.0,0.0,0.0007127583749109052,0.002170767004341534,0.0006963788300835655,0.0007158196134574087,0.0,0.0,0.0006402048655569782,0.0004149377593360996,0.0007369196757553427,0.0011729222520107238,0.0005087332541970493,0.001206896551724138,0.0,0.0,0.0020422055820285907,0.0008733624454148472,0.0,0.0010238907849829352,0.0,0.0,0.00038284839203675346,0.001876172607879925,0.0006369426751592356,0.0,0.0,0.0,0.0,0.0007102272727272727,0.0007293946024799417,0.0,0.0007209805335255948,0.0,0.000700770847932726,0.0,0.0,0.0,0.0009090909090909091,0.0,0.0,0.0,0.0,0.0,0.004901960784313725,0.00441257584114727,0.004934210526315789,0.004366812227074236,0.0,0.0006997900629811056,0.0,0.0018951358180669614,0.0,0.0006854009595613434,0.0007215007215007215,0.0,0.0,0.0,0.0006377551020408163,0.0,0.0,0.0,0.0,0.0006309148264984228,0.0,0.0,0.0,0.0005211047420531526,0.0,0.0,0.0007272727272727272,0.0,0.0,0.0,0.0,0.0,0.0,0.0,0.0,0.000741839762611276,0.0,0.0,0.0008920606601248885,0.002036659877800407,0.0011621150493898896,0.0,0.0006226650062266501,0.0,0.0,0.0,0.0,0.0,0.0,0.0,0.0,0.0005370569280343716,0.0014947683109118087,0.0005868544600938967,0.0,0.0007964954201513341,0.0,0.0,0.0,0.0,0.0,0.001584786053882726,0.0,0.0006153846153846154,0.0,0.0,0.0,0.000949667616334283,0.0011641443538998836,0.000952078705172961,0.0006470397929472663,0.0003439972480220158,0.0,0.0007980845969672786,0.0024449877750611247,0.0,0.0002722570106180234,0.0005554012774229381,0.00038218994840435696,0.0017699115044247787,0.0009896091044037606,0.0,0.000611807892321811,0.0006167129201356768,0.0,0.0,0.0006289308176100629,0.0,0.0,0.0,0.0003171582619727244,0.0012183978068839476,0.0009071666162685213,0.0,0.0,0.0,0.0,0.0,0.00034071550255536625,0.0003436426116838488,0.0003439972480220158,0.0,0.0,0.0,0.0015048908954100827,0.0007535795026375283,0.0007587253414264037,0.0,0.0,0.0,0.006493506493506494,0.0,0.0,0.0,0.0,0.0,0.0,0.0,0.0,0.0,0.000691085003455425,0.0036138358286009293,0.005949161709031909,0.003711558854718982,0.005235602094240838,0.0007173601147776184,0.0012101653892698668,0.004352557127312296,0.0
hsa2903,0.00047664442326024784,0.0014340344168260039,0.0009239297813366184,0.000576036866359447,0.0005861664712778429,0.0,0.000964785335262904,0.0,0.0,0.0028011204481792717,0.004177109440267335,1,0.10408163265306122,0.061361100780959466,0.050143266475644696,0.0,0.0005037783375314861,0.0,0.00048007681228996637,0.0,0.0,0.0,0.0005246589716684155,0.0,0.0,0.0,0.0,0.0,0.0,0.0,0.0005238344683080147,0.0,0.0,0.0,0.0,0.0,0.0,0.0,0.0,0.0,0.0006811989100817438,0.0005310674455655868,0.0006159531875577456,0.00031138097462245055,0.0006323110970597534,0.0007648183556405354,0.0,0.0005012531328320802,0.0005984440454817474,0.0,0.001736111111111111,0.001215066828675577,0.0,0.0009560229445506692,0.0009411764705882353,0.00047709923664122136,0.0,0.0,0.0,0.0005230125523012552,0.0,0.0,0.0,0.0005227391531625719,0.0,0.0,0.0,0.0,0.0,0.0012300123001230013,0.001040582726326743,0.0,0.0005763688760806917,0.0004091653027823241,0.0,0.003386960203217612,0.002992731936725096,0.0029787234042553193,0.0029686174724342664,0.0,0.0,0.0,0.0,0.0,0.0,0.0,0.0,0.000432152117545376,0.0,0.0,0.0,0.0,0.00047551117451260106,0.0,0.0,0.0,0.0,0.0,0.00040899795501022495,0.0,0.000510986203372509,0.0,0.0,0.0,0.0005319148936170213,0.0,0.0010899182561307902,0.0,0.0,0.002184598580010923,0.0,0.0005580357142857143,0.0,0.0,0.0,0.0008900756564307966,0.0,0.0,0.000429553264604811,0.000429553264604811,0.0,0.0,0.0,0.0,0.0,0.0005015045135406219,0.0,0.000536480686695279,0.0,0.0,0.0009878169245966415,0.0,0.0,0.0,0.0,0.0,0.0,0.0,0.00046490004649000463,0.0005063291139240507,0.0008449514152936206,0.0005652911249293386,0.0,0.000757193336698637,0.0005439216752787598,0.000552944429084877,0.000873871249635887,0.0,0.0011242270938729624,0.0027226760015558148,0.0005608524957936063,0.0009526077637532746,0.000726920281075842,0.0008682062858135093,0.00045024763619990995,0.0007852375343541421,0.0,0.0005270092226613965,0.0002653223666755107,0.0,0.0,0.0,0.0,0.0,0.0,0.0010872519706441968,0.0010501443948542925,0.0013044612575006521,0.0003883495145631068,0.0,0.0003856536829926726,0.0,0.0008658008658008658,0.001444669170759896,0.0011641443538998836,0.0014564520827264782,0.0005107252298263534,0.000513083632632119,0.0,0.0016172506738544475,0.0,0.0,0.0005324813631522897,0.0,0.0005271481286241434,0.0021061499578770007,0.0005302226935312832,0.0,0.0005235602094240838,0.0,0.0005081300813008131,0.0005040322580645161,0.0,0.0012568077084206116,0.0,0.0005068423720223011,0.0036540803897685747,0.002105263157894737,0.0024875621890547263,0.003284072249589491,0.0,0.0006655574043261231,0.0021150592216582064,0.001274426508071368
hsa2904,0.00047214353163361664,0.0014204545454545455,0.001224364860728497,0.000286368843069874,0.0002913752913752914,0.00048192771084337347,0.0009555661729574773,0.0,0.0,0.0031758634378721714,0.003728251864125932,0.10408163265306122,1,0.05906238464377999,0.04907539118065434,0.0005107252298263534,0.0,0.0,0.00047551117451260106,0.0,0.0005055611729019212,0.0,0.0,0.0,0.0,0.0,0.0005189413596263622,0.0,0.0004926108374384236,0.0,0.0,0.0,0.0,0.0,0.0005186721991701245,0.0,0.000514668039114771,0.0,0.0005115089514066496,0.0,0.0006765899864682003,0.0010509721492380452,0.0006140620202640467,0.0001552072016141549,0.000787897888433659,0.0003795066413662239,0.0005047955577990914,0.0,0.0,0.0,0.0014384349827387803,0.0009057971014492754,0.0,0.0,0.0,0.0004725897920604915,0.0004389815627743635,0.0,0.0,0.0005175983436853002,0.0005117707267144319,0.0,0.0010303967027305513,0.0005173305742369374,0.0005186721991701245,0.0,0.0,0.0,0.0,0.0,0.0010298661174047373,0.0005060728744939271,0.0,0.0,0.0,0.002938706968933669,0.0038151759220008477,0.0033755274261603376,0.002943650126156434,0.0,0.0,0.00048756704046806434,0.0,0.0004786979415988511,0.0,0.0,0.0005032712632108706,0.0004284490145672665,0.0,0.0,0.0004478280340349306,0.0,0.0,0.0,0.0,0.0,0.0,0.002011060834590246,0.0,0.0,0.0005058168942842691,0.0005205622071837585,0.0,0.0,0.0005263157894736842,0.0,0.0,0.0,0.0,0.0,0.0,0.0,0.0014749262536873156,0.0,0.0009905894006934125,0.0013233348037053375,0.00045310376076121433,0.0,0.00042589437819420784,0.00042589437819420784,0.0004995004995004995,0.0,0.0,0.0,0.0005405405405405405,0.0,0.0004152823920265781,0.0005307855626326964,0.0008888888888888889,0.0005537098560354374,0.0009813542688910696,0.0010554089709762533,0.0,0.0,0.0,0.0,0.0,0.00037425149700598805,0.00046061722708429296,0.0010025062656641604,0.00041893590280687055,0.0005589714924538849,0.0,0.0020090406830738324,0.0008114687584527996,0.0010998075336816058,0.0008688097306689834,0.00029859659599880563,0.0,0.0030876109610189118,0.0005546311702717693,0.00047404598246029864,0.0007234145165179648,0.0008652015919709292,0.0,0.0015582391897156214,0.0,0.0015727391874180866,0.000791765637371338,0.0,0.00048216007714561236,0.0,0.0,0.0,0.0,0.0010813733441470668,0.0020893183598850876,0.002076304178562159,0.0,0.0007616146230007616,0.0003827018752391887,0.0,0.000860832137733142,0.0011490950876185005,0.0008680555555555555,0.0005792064871126556,0.0005055611729019212,0.0,0.001027221366204417,0.0005333333333333334,0.0010678056593699946,0.000536480686695279,0.0,0.0,0.0,0.002506265664160401,0.0005246589716684155,0.0,0.0,0.0,0.0,0.0,0.0,0.0004154549231408392,0.0,0.0,0.003221908981071285,0.0025052192066805845,0.004523026315789474,0.0036644951140065146,0.0005154639175257732,0.0009917355371900827,0.002936241610738255,0.0008424599831508003
hsa2905,0.0,0.0010746910263299302,0.000663129973474801,0.000617093489663684,0.0006287331027978623,0.0005482456140350877,0.0,0.0,0.0,0.003527336860670194,0.005085529357374018,0.061361100780959466,0.05906238464377999,1,0.09683717297930496,0.0,0.0,0.0,0.0010799136069114472,0.0,0.0023161551823972205,0.0,0.0005970149253731343,0.0,0.0,0.0,0.0,0.0,0.0005621135469364812,0.0,0.0005959475566150178,0.0,0.0,0.0005889281507656066,0.0005963029218843172,0.0,0.000591016548463357,0.0,0.0,0.0,0.0003696857670979667,0.0006053268765133172,0.0006386715631486508,0.00016149870801033592,0.0004922067268252667,0.0012583892617449664,0.0005780346820809249,0.0005668934240362812,0.0,0.0,0.00124031007751938,0.0009800718719372753,0.0,0.0,0.0,0.0005361930294906167,0.000986679822397632,0.0010672358591248667,0.0005694760820045558,0.0,0.0,0.0006002400960384153,0.0,0.0005945303210463733,0.0,0.0,0.0,0.0,0.0,0.0,0.0,0.0,0.0,0.00045187528242205153,0.0,0.00328484279680901,0.003320683111954459,0.002831524303916942,0.0028208744710860366,0.0,0.0,0.0,0.0,0.0,0.0005701254275940707,0.0,0.0,0.00048007681228996637,0.0,0.0,0.0005045408678102926,0.0,0.0,0.0,0.0,0.0,0.0,0.0005753739930955121,0.0,0.0,0.0005793742757821553,0.0,0.0,0.0,0.0,0.0006180469715698393,0.0,0.0,0.0,0.0,0.0,0.0019218449711723255,0.0,0.0,0.0005656108597285068,0.000496031746031746,0.0005112474437627812,0.0,0.0019074868860276585,0.001430615164520744,0.0,0.0,0.0,0.0,0.0,0.0011344299489506524,0.0004636068613815484,0.0,0.0005002501250625312,0.0012861736334405145,0.0003563791874554526,0.0006082725060827251,0.0004506534474988734,0.000651890482398957,0.0018844221105527637,0.0,0.0,0.0004130524576621231,0.0005208333333333333,0.0011467889908256881,0.0009363295880149813,0.0,0.0,0.0013401232913428035,0.0017411491584445734,0.0005906674542232723,0.0006246096189881324,0.0006455777921239509,0.0,0.003418803418803419,0.0,0.0005040322580645161,0.000513347022587269,0.0019898697539797393,0.0,0.0,0.0,0.0008417508417508417,0.0008479366873940079,0.0,0.0,0.0,0.0005851375073142189,0.001146131805157593,0.000691085003455425,0.0014501160092807424,0.0011179429849077697,0.002498611882287618,0.0004266211604095563,0.0008421052631578948,0.0,0.0,0.0006184291898577613,0.0006191950464396285,0.0015600624024961,0.0,0.0,0.0005820721769499418,0.0,0.0006157635467980296,0.0,0.0006199628022318661,0.0,0.0,0.0012004801920768306,0.0023331777881474567,0.0012084592145015106,0.0005980861244019139,0.0,0.0,0.0,0.0,0.0,0.0,0.0,0.000574052812858783,0.0035842293906810036,0.0023320895522388058,0.002751031636863824,0.0031746031746031746,0.0,0.0003604902667627974,0.0023441162681669013,0.0009420631182289214
hsa2906,0.0,0.0005091649694501018,0.0009618467457518436,0.0014952153110047847,0.002131546894031669,0.0005189413596263622,0.0005141388174807198,0.000513347022587269,0.0,0.003795866722901729,0.005736981465136805,0.050143266475644696,0.04907539118065434,0.09683717297930496,1,0.0,0.0,0.0,0.0005115089514066496,0.0,0.001092896174863388,0.0,0.001687289088863892,0.0005488474204171241,0.0,0.0005605381165919282,0.0005621135469364812,0.0005494505494505495,0.0005313496280552603,0.0005586592178770949,0.0011229646266142617,0.0,0.0,0.0,0.0005617977528089888,0.0005452562704471102,0.0005571030640668524,0.0,0.0005534034311012728,0.0,0.00035612535612535614,0.002279202279202279,0.001413760603204524,0.00015885623510722796,0.0006453694740238787,0.0024125452352231603,0.0016366612111292963,0.0005356186395286556,0.0,0.000646830530401035,0.0021033653846153845,0.0018963337547408343,0.0006426735218508997,0.0003322259136212625,0.0015022533800701052,0.0005081300813008131,0.0014084507042253522,0.0,0.0010758472296933835,0.0,0.0005537098560354374,0.0,0.0,0.0016806722689075631,0.0005617977528089888,0.001095890410958904,0.0,0.0,0.0,0.0013351134846461949,0.0016722408026755853,0.0005470459518599562,0.0,0.0004317789291882556,0.0006501950585175553,0.003133393017009848,0.003165988240615106,0.0031503150315031502,0.0026905829596412557,0.0,0.0,0.0010509721492380452,0.0010095911155981827,0.0005151983513652757,0.0005385029617662897,0.0005605381165919282,0.000543773790103317,0.0,0.000543773790103317,0.001017293997965412,0.008633093525179856,0.0010188487009679063,0.0,0.0005107252298263534,0.0010085728693898135,0.0,0.0,0.0005431830526887561,0.00043159257660768235,0.0,0.0016402405686167304,0.001692047377326565,0.0,0.0,0.0005707762557077625,0.0,0.0,0.0,0.0,0.0,0.0,0.0006009615384615385,0.00078003120124805,0.0,0.0016034206306787815,0.0033034450212364322,0.003885381253035454,0.0029940119760479044,0.0022727272727272726,0.0009090909090909091,0.0,0.0,0.0,0.002324230098779779,0.0,0.0005359056806002144,0.0,0.0,0.0028544243577545195,0.0006031363088057901,0.0010312822275696115,0.0017172295363480253,0.0012919896640826874,0.0,0.0011799410029498525,0.0016420361247947454,0.0018072289156626507,0.0003961965134706815,0.002965892239248641,0.0010828370330265296,0.0,0.001218769043266301,0.0,0.0018257694314032342,0.0008453085376162299,0.00028661507595299513,0.0,0.00031240237425804435,0.0,0.0028653295128939827,0.0,0.0009825595676737902,0.001000250062515629,0.003551767004084532,0.0009555661729574773,0.00041339396444811904,0.0,0.003817834742296155,0.0005492996429552321,0.0,0.0,0.0,0.0011037527593818985,0.0,0.0,0.004505773021684032,0.0016299918500407497,0.0016194331983805667,0.0004086636697997548,0.0012106537530266344,0.0012170385395537525,0.0,0.0008990110878034162,0.0009000900090009,0.0012091898428053204,0.000605143721633888,0.0,0.001098297638660077,0.0,0.0011580775911986102,0.0,0.0,0.0005714285714285715,0.0010400416016640667,0.0011305822498586771,0.002226179875333927,0.0017064846416382253,0.0,0.0005611672278338945,0.0,0.0,0.0,0.0010482180293501049,0.0013280212483399733,0.0010934937124111536,0.001084010840108401,0.003426124197002141,0.0026702269692923898,0.0021891418563922942,0.0025996533795493936,0.0005580357142857143,0.0006951685783802572,0.0022361359570661895,0.0008984725965858042
